datetime,stock_code,open,high,low,close,volume,open_interest
2010-01-04 12:01:00,GLAPHA,806.5,814.55,801.0,812.83,9365,
2010-01-05 12:01:00,GLAPHA,819.98,819.98,805.53,808.4,38148,
2010-01-06 12:01:00,GLAPHA,809.0,822.0,808.5,819.25,36519,
2010-01-07 12:01:00,GLAPHA,822.5,827.0,818.0,824.35,12809,
2010-01-08 12:01:00,GLAPHA,825.0,825.0,813.28,819.9,28035,
2010-01-11 12:01:00,GLAPHA,829.5,847.48,800.53,814.73,10566,
2010-01-12 12:01:00,GLAPHA,815.0,817.5,789.0,791.93,47274,
2010-01-13 12:01:00,GLAPHA,796.0,802.95,783.0,785.65,20709,
2010-01-14 12:01:00,GLAPHA,790.0,797.5,781.2,786.78,13453,
2010-01-15 12:01:00,GLAPHA,790.55,792.5,782.5,785.2,6408,
2010-01-18 12:01:00,GLAPHA,785.0,789.95,778.1,781.25,6047,
2010-01-19 12:01:00,GLAPHA,785.0,799.0,777.75,779.98,3251,
2010-01-20 12:01:00,GLAPHA,780.05,792.5,776.25,781.73,7712,
2010-01-21 12:01:00,GLAPHA,777.5,785.0,766.85,769.78,20405,
2010-01-22 12:01:00,GLAPHA,765.5,765.5,745.05,757.15,20751,
2010-01-25 12:01:00,GLAPHA,762.5,769.95,751.0,766.03,15467,
2010-01-27 12:01:00,GLAPHA,761.0,772.5,752.53,761.7,14413,
2010-01-28 12:01:00,GLAPHA,772.0,772.0,759.13,763.0,46837,
2010-01-29 12:01:00,GLAPHA,765.0,767.88,757.5,760.23,14737,
2010-02-01 12:02:00,GLAPHA,760.5,772.5,750.5,770.38,18281,
2010-02-02 12:02:00,GLAPHA,765.5,779.98,765.5,770.08,28563,
2010-02-04 12:02:00,GLAPHA,782.4,786.0,779.0,780.65,12155,
2010-02-05 12:02:00,GLAPHA,774.95,790.0,758.1,779.98,81953,
2010-02-06 12:02:00,GLAPHA,780.0,784.88,778.1,780.95,850,
2010-02-08 12:02:00,GLAPHA,783.5,786.95,751.25,764.55,9232,
2010-02-09 12:02:00,GLAPHA,757.73,774.75,757.33,765.2,26450,
2010-02-10 12:02:00,GLAPHA,760.5,783.48,760.0,780.53,12861,
2010-02-11 12:02:00,GLAPHA,780.0,794.0,780.0,789.43,8810,
2010-02-15 12:02:00,GLAPHA,789.58,807.2,788.0,789.48,28007,
2010-02-16 12:02:00,GLAPHA,793.95,796.85,778.05,784.65,16534,
2010-02-17 12:02:00,GLAPHA,787.5,798.9,787.5,792.23,5140,
2010-02-18 12:02:00,GLAPHA,796.5,796.5,788.55,790.18,16758,
2010-02-19 12:02:00,GLAPHA,792.5,829.88,790.0,825.78,80347,
2010-02-22 12:02:00,GLAPHA,830.0,842.0,822.0,840.13,126643,
2010-02-23 12:02:00,GLAPHA,835.03,862.5,835.03,855.68,182608,
2010-02-24 12:02:00,GLAPHA,845.5,859.48,820.2,855.1,15432,
2010-02-25 12:02:00,GLAPHA,856.35,865.5,856.35,861.4,55489,
2010-02-26 12:02:00,GLAPHA,861.0,861.0,850.6,854.95,40433,
2010-03-02 12:03:00,GLAPHA,850.0,858.95,841.5,853.55,47698,
2010-03-03 12:03:00,GLAPHA,846.0,857.5,845.5,855.0,229321,
2010-03-04 12:03:00,GLAPHA,855.63,895.0,852.5,869.78,46414,
2010-03-05 12:03:00,GLAPHA,872.6,884.93,867.5,870.9,9152,
2010-03-08 12:03:00,GLAPHA,891.0,892.5,871.13,886.28,24803,
2010-03-09 12:03:00,GLAPHA,880.0,891.0,869.03,875.48,20980,
2010-03-10 12:03:00,GLAPHA,875.0,885.0,866.03,883.83,90203,
2010-03-11 12:03:00,GLAPHA,877.53,885.0,867.5,872.48,6421,
2010-03-12 12:03:00,GLAPHA,872.53,884.25,857.75,864.7,16660,
2010-03-15 12:03:00,GLAPHA,857.55,872.25,845.0,848.78,10190,
2010-03-16 12:03:00,GLAPHA,845.0,855.5,840.53,848.38,53708,
2010-03-17 12:03:00,GLAPHA,852.5,857.5,841.5,846.15,59472,
2010-03-18 12:03:00,GLAPHA,841.18,854.95,840.63,851.03,82882,
2010-03-19 12:03:00,GLAPHA,854.58,870.0,845.63,862.6,53795,
2010-03-22 12:03:00,GLAPHA,857.55,877.4,857.55,871.08,19470,
2010-03-23 12:03:00,GLAPHA,873.95,875.0,865.0,872.95,11133,
2010-03-25 12:03:00,GLAPHA,874.0,878.0,870.0,874.18,21027,
2010-03-26 12:03:00,GLAPHA,876.5,879.75,873.0,874.43,15475,
2010-03-29 12:03:00,GLAPHA,879.95,880.0,873.0,878.93,63119,
2010-03-30 12:03:00,GLAPHA,875.0,887.23,875.0,886.15,99865,
2010-03-31 12:03:00,GLAPHA,885.0,892.5,862.5,889.0,142728,
2010-04-01 12:04:00,GLAPHA,891.5,892.0,880.0,884.43,103913,
2010-04-05 12:04:00,GLAPHA,886.95,899.0,878.0,892.55,38226,
2010-04-06 12:04:00,GLAPHA,893.0,893.0,877.53,881.43,4832,
2010-04-07 12:04:00,GLAPHA,884.5,889.9,875.08,880.48,2080,
2010-04-08 12:04:00,GLAPHA,877.0,889.95,877.0,885.03,5550,
2010-04-09 12:04:00,GLAPHA,885.0,891.0,882.5,890.13,8545,
2010-04-12 12:04:00,GLAPHA,883.35,896.5,875.5,894.88,25802,
2010-04-13 12:04:00,GLAPHA,900.0,903.5,888.8,900.55,6865,
2010-04-16 12:04:00,GLAPHA,908.0,925.5,888.5,913.9,16988,
2010-04-19 12:04:00,GLAPHA,912.45,931.55,900.73,925.8,12725,
2010-04-20 12:04:00,GLAPHA,929.5,934.5,921.6,931.53,42372,
2010-04-21 12:04:00,GLAPHA,932.45,964.43,925.0,958.65,21633,
2010-04-22 12:04:00,GLAPHA,952.5,962.5,946.0,952.58,12795,
2010-04-23 12:04:00,GLAPHA,962.0,962.0,945.0,949.3,5931,
2010-04-26 12:04:00,GLAPHA,933.7,956.45,933.7,941.88,3970,
2010-04-27 12:04:00,GLAPHA,945.0,958.45,941.13,942.73,9519,
2010-04-28 12:04:00,GLAPHA,933.7,957.5,932.5,948.55,12973,
2010-04-29 12:04:00,GLAPHA,950.0,959.9,938.55,941.4,11927,
2010-04-30 12:04:00,GLAPHA,926.3,965.1,926.3,956.48,15018,
2010-05-03 12:05:00,GLAPHA,959.5,962.45,947.5,949.25,8467,
2010-05-04 12:05:00,GLAPHA,957.5,957.5,931.0,944.33,22248,
2010-05-05 12:05:00,GLAPHA,940.0,979.45,940.0,972.8,57657,
2010-05-06 12:05:00,GLAPHA,958.63,997.5,958.63,992.65,31845,
2010-05-07 12:05:00,GLAPHA,990.0,990.0,968.0,971.4,23462,
2010-05-10 12:05:00,GLAPHA,973.55,1008.95,973.55,998.05,20500,
2010-05-11 12:05:00,GLAPHA,989.5,1007.35,989.5,998.9,58479,
2010-05-12 12:05:00,GLAPHA,995.5,1032.0,995.5,1028.88,37022,
2010-05-13 12:05:00,GLAPHA,1012.38,1072.33,1012.38,1066.2,37615,
2010-05-14 12:05:00,GLAPHA,1070.0,1075.0,1048.0,1070.0,13180,
2010-05-17 12:05:00,GLAPHA,1066.5,1089.5,1059.5,1080.23,7705,
2010-05-18 12:05:00,GLAPHA,1081.5,1137.48,1081.5,1087.2,108426,
2010-05-19 12:05:00,GLAPHA,1096.38,1096.38,1026.5,1032.15,48709,
2010-05-20 12:05:00,GLAPHA,1049.95,1050.0,1015.53,1042.78,37182,
2010-05-24 12:05:00,GLAPHA,1041.68,1041.68,1009.0,1012.95,10441,
2010-05-25 12:05:00,GLAPHA,1010.0,1022.0,997.5,1004.48,14234,
2010-05-26 12:05:00,GLAPHA,1037.0,1037.0,1000.0,1004.18,46650,
2010-05-27 12:05:00,GLAPHA,995.75,1014.93,975.58,990.55,83542,
2010-05-28 12:05:00,GLAPHA,987.75,1016.95,985.0,997.95,26976,
2010-05-31 12:05:00,GLAPHA,1010.0,1059.95,997.95,1053.98,28412,
2010-06-01 12:06:00,GLAPHA,1052.5,1064.83,1040.0,1043.95,9586,
2010-06-02 12:06:00,GLAPHA,1047.5,1063.5,1041.25,1053.93,16172,
2010-06-03 12:06:00,GLAPHA,1067.5,1067.5,1027.65,1040.23,54979,
2010-06-04 12:06:00,GLAPHA,1082.2,1169.5,1016.0,1017.6,75472,
2010-06-07 12:06:00,GLAPHA,1005.0,1027.0,1002.5,1015.3,14554,
2010-06-08 12:06:00,GLAPHA,1024.25,1042.0,1008.0,1014.28,11452,
2010-06-09 12:06:00,GLAPHA,1024.0,1066.0,1012.73,1051.6,31504,
2010-06-10 12:06:00,GLAPHA,1062.5,1066.5,1050.0,1053.15,23126,
2010-06-11 12:06:00,GLAPHA,1065.0,1065.0,1017.58,1038.45,26577,
2010-06-14 12:06:00,GLAPHA,1057.2,1074.5,1036.0,1038.1,17498,
2010-06-15 12:06:00,GLAPHA,1045.0,1054.5,1033.05,1038.75,20324,
2010-06-16 12:06:00,GLAPHA,1041.5,1049.85,1032.73,1042.35,15733,
2010-06-17 12:06:00,GLAPHA,1049.0,1058.65,1035.9,1048.35,21152,
2010-06-18 12:06:00,GLAPHA,1054.98,1062.5,1040.0,1042.48,16135,
2010-06-21 12:06:00,GLAPHA,1027.2,1069.7,1024.3,1061.63,36131,
2010-06-22 12:06:00,GLAPHA,1067.5,1084.45,1045.0,1048.8,43509,
2010-06-23 12:06:00,GLAPHA,1059.5,1067.45,1047.5,1059.78,40332,
2010-06-24 12:06:00,GLAPHA,1067.0,1079.95,1059.15,1070.95,44796,
2010-06-25 12:06:00,GLAPHA,1077.0,1094.0,1075.0,1087.28,31798,
2010-06-28 12:06:00,GLAPHA,1087.5,1102.5,1087.5,1096.6,14803,
2010-06-30 12:06:00,GLAPHA,1110.0,1115.0,1082.5,1091.98,31274,
2010-07-01 12:07:00,GLAPHA,1100.0,1109.93,1090.0,1094.3,6850,
2010-07-02 12:07:00,GLAPHA,1102.9,1102.9,1077.5,1080.1,14217,
2010-07-05 12:07:00,GLAPHA,1096.95,1096.95,1074.15,1084.7,38537,
2010-07-06 12:07:00,GLAPHA,1089.5,1089.5,1064.5,1067.6,37998,
2010-07-07 12:07:00,GLAPHA,1079.75,1080.0,1062.5,1066.7,10669,
2010-07-08 12:07:00,GLAPHA,1085.0,1085.0,1064.9,1068.6,15401,
2010-07-09 12:07:00,GLAPHA,1080.58,1080.58,1048.25,1055.03,37928,
2010-07-12 12:07:00,GLAPHA,1060.0,1064.4,1035.0,1042.8,23033,
2010-07-13 12:07:00,GLAPHA,1045.0,1052.5,1018.18,1023.65,42054,
2010-07-14 12:07:00,GLAPHA,1027.75,1055.5,1025.0,1044.2,59560,
2010-07-15 12:07:00,GLAPHA,1050.0,1055.0,1030.05,1037.08,17707,
2010-07-16 12:07:00,GLAPHA,1037.08,1037.5,1018.03,1034.45,38053,
2010-07-19 12:07:00,GLAPHA,1030.0,1042.65,1017.78,1023.95,50187,
2010-07-20 12:07:00,GLAPHA,1034.0,1034.0,1010.5,1013.45,17356,
2010-07-21 12:07:00,GLAPHA,1019.45,1020.5,1010.63,1015.48,33118,
2010-07-22 12:07:00,GLAPHA,1014.0,1019.5,1005.0,1014.95,7035,
2010-07-23 12:07:00,GLAPHA,1020.0,1047.35,1014.5,1038.38,24681,
2010-07-26 12:07:00,GLAPHA,1040.5,1054.45,1026.08,1032.53,46786,
2010-07-27 12:07:00,GLAPHA,1028.5,1042.5,1027.5,1030.0,93556,
2010-07-29 12:07:00,GLAPHA,1045.0,1045.0,1010.0,1011.65,16493,
2010-07-30 12:07:00,GLAPHA,1022.5,1022.5,999.0,1005.4,34936,
2010-08-02 12:08:00,GLAPHA,1018.75,1018.75,1005.23,1007.43,6237,
2010-08-03 12:08:00,GLAPHA,1005.78,1017.48,997.53,1001.5,12322,
2010-08-04 12:08:00,GLAPHA,1001.5,1016.63,993.5,999.08,14424,
2010-08-05 12:08:00,GLAPHA,1000.0,1013.93,995.13,1006.08,38204,
2010-08-06 12:08:00,GLAPHA,1000.05,1014.68,1000.0,1009.03,25295,
2010-08-09 12:08:00,GLAPHA,1000.5,1039.0,992.2,997.68,34940,
2010-08-10 12:08:00,GLAPHA,1001.5,1007.5,987.55,995.18,64797,
2010-08-11 12:08:00,GLAPHA,990.0,998.5,972.65,979.13,25477,
2010-08-12 12:08:00,GLAPHA,978.95,980.0,972.2,975.2,9861,
2010-08-13 12:08:00,GLAPHA,975.0,992.5,967.5,980.9,15072,
2010-08-16 12:08:00,GLAPHA,981.08,1002.5,971.0,972.53,6110,
2010-08-17 12:08:00,GLAPHA,975.0,984.5,969.0,980.78,36577,
2010-08-18 12:08:00,GLAPHA,980.0,982.0,970.0,971.85,19922,
2010-08-19 12:08:00,GLAPHA,971.5,993.8,965.55,988.0,31518,
2010-08-20 12:08:00,GLAPHA,988.5,1019.5,988.5,1008.53,31179,
2010-08-23 12:08:00,GLAPHA,1019.9,1019.9,975.58,985.9,20527,
2010-08-24 12:08:00,GLAPHA,997.78,997.78,970.0,972.83,11711,
2010-08-25 12:08:00,GLAPHA,971.5,972.5,940.5,944.9,26887,
2010-08-26 12:08:00,GLAPHA,947.5,947.5,929.5,936.73,38606,
2010-08-30 12:08:00,GLAPHA,941.0,955.0,941.0,947.0,15716,
2010-08-31 12:08:00,GLAPHA,950.0,950.0,921.2,930.35,16097,
2010-09-01 12:09:00,GLAPHA,930.35,944.98,930.35,940.13,13927,
2010-09-02 12:09:00,GLAPHA,937.5,967.98,937.5,953.35,27585,
2010-09-03 12:09:00,GLAPHA,955.0,977.0,955.0,958.2,10301,
2010-09-06 12:09:00,GLAPHA,967.5,972.5,950.0,958.43,13230,
2010-09-07 12:09:00,GLAPHA,959.5,965.5,957.5,958.4,8098,
2010-09-08 12:09:00,GLAPHA,958.0,964.5,955.5,959.18,13275,
2010-09-09 12:09:00,GLAPHA,955.0,962.0,952.5,958.4,23300,
2010-09-13 12:09:00,GLAPHA,958.3,986.75,956.08,976.93,46251,
2010-09-14 12:09:00,GLAPHA,984.5,984.8,965.53,969.25,8796,
2010-09-15 12:09:00,GLAPHA,972.0,972.0,958.25,964.18,10345,
2010-09-16 12:09:00,GLAPHA,960.0,962.5,956.5,958.4,20724,
2010-09-17 12:09:00,GLAPHA,957.5,982.0,956.03,978.15,35150,
2010-09-20 12:09:00,GLAPHA,982.5,1015.0,980.5,1013.45,67587,
2010-09-21 12:09:00,GLAPHA,1020.0,1039.0,991.03,1035.13,37182,
2010-09-22 12:09:00,GLAPHA,1035.0,1052.0,1006.05,1043.65,48164,
2010-09-23 12:09:00,GLAPHA,1047.5,1056.0,1027.53,1042.4,31635,
2010-09-24 12:09:00,GLAPHA,1029.0,1066.98,1029.0,1056.38,49346,
2010-09-27 12:09:00,GLAPHA,1057.03,1082.45,1050.08,1078.55,89929,
2010-09-28 12:09:00,GLAPHA,1052.2,1085.5,1051.0,1079.33,29947,
2010-09-29 12:09:00,GLAPHA,1080.0,1126.5,1080.0,1120.48,237247,
2010-09-30 12:09:00,GLAPHA,1105.65,1145.0,1100.5,1104.98,31200,
2010-10-01 12:10:00,GLAPHA,1110.0,1133.45,1106.1,1125.53,86421,
2010-10-06 12:10:00,GLAPHA,1142.55,1165.0,1142.0,1145.25,46056,
2010-10-07 12:10:00,GLAPHA,1149.0,1154.95,1135.63,1137.53,42799,
2010-10-08 12:10:00,GLAPHA,1138.0,1152.45,1130.05,1146.7,27418,
2010-10-11 12:10:00,GLAPHA,1158.2,1167.2,1138.0,1143.08,11483,
2010-10-12 12:10:00,GLAPHA,1155.0,1155.0,1130.5,1144.43,35679,
2010-10-13 12:10:00,GLAPHA,1140.0,1155.0,1136.0,1147.53,7539,
2010-10-14 12:10:00,GLAPHA,1160.0,1160.0,1139.1,1152.55,31829,
2010-10-15 12:10:00,GLAPHA,1155.0,1157.48,1147.63,1150.38,8605,
2010-10-18 12:10:00,GLAPHA,1132.2,1182.45,1110.5,1175.6,28102,
2010-10-19 12:10:00,GLAPHA,1184.5,1199.95,1175.5,1176.5,40887,
2010-10-20 12:10:00,GLAPHA,1182.5,1189.0,1173.5,1180.55,12947,
2010-10-21 12:10:00,GLAPHA,1185.0,1194.7,1175.98,1176.35,11989,
2010-10-22 12:10:00,GLAPHA,1176.0,1182.48,1172.5,1174.0,11443,
2010-10-25 12:10:00,GLAPHA,1179.0,1185.4,1173.33,1176.18,31593,
2010-10-26 12:10:00,GLAPHA,1175.0,1189.48,1151.35,1154.4,9405,
2010-10-27 12:10:00,GLAPHA,1154.0,1159.7,1118.0,1130.95,8524,
2010-10-28 12:10:00,GLAPHA,1130.48,1151.0,1113.0,1129.45,89883,
2010-10-29 12:10:00,GLAPHA,1129.45,1129.45,1105.0,1111.23,14922,
2010-11-01 12:11:00,GLAPHA,1106.0,1122.5,1095.0,1099.53,26056,
2010-11-02 12:11:00,GLAPHA,1119.5,1136.5,1087.78,1120.43,54023,
2010-11-03 12:11:00,GLAPHA,1122.4,1128.53,1102.5,1110.05,11564,
2010-11-04 12:11:00,GLAPHA,1105.05,1120.98,1105.05,1112.3,4692,
2010-11-05 12:11:00,GLAPHA,1115.05,1145.0,1115.05,1138.05,6239,
2010-11-08 12:11:00,GLAPHA,1150.0,1152.4,1125.45,1146.75,40341,
2010-11-09 12:11:00,GLAPHA,1147.5,1167.0,1145.68,1151.05,40227,
2010-11-10 12:11:00,GLAPHA,1151.5,1167.45,1121.5,1127.88,21592,
2010-11-11 12:11:00,GLAPHA,1152.0,1152.0,1125.5,1127.25,9026,
2010-11-12 12:11:00,GLAPHA,1126.0,1137.5,1109.0,1114.15,6774,
2010-11-15 12:11:00,GLAPHA,1110.0,1124.98,1089.85,1116.53,14352,
2010-11-16 12:11:00,GLAPHA,1110.5,1149.5,1108.03,1135.18,41684,
2010-11-18 12:11:00,GLAPHA,1145.0,1160.0,1115.6,1138.6,5902,
2010-11-19 12:11:00,GLAPHA,1145.0,1148.5,1110.0,1113.85,3982,
2010-11-22 12:11:00,GLAPHA,1117.5,1136.98,1115.25,1130.93,6113,
2010-11-23 12:11:00,GLAPHA,1135.0,1137.38,1096.28,1120.2,7954,
2010-11-24 12:11:00,GLAPHA,1127.5,1137.0,1100.5,1104.25,4329,
2010-11-25 12:11:00,GLAPHA,1104.75,1119.75,1030.15,1049.03,26897,
2010-11-26 12:11:00,GLAPHA,1057.5,1074.98,945.0,1053.63,28120,
2010-11-29 12:11:00,GLAPHA,1055.0,1074.48,1038.0,1059.08,7038,
2010-11-30 12:11:00,GLAPHA,1061.98,1074.25,1045.55,1065.3,12658,
2010-12-01 12:12:00,GLAPHA,1062.5,1095.0,1060.0,1085.13,4140,
2010-12-02 12:12:00,GLAPHA,1099.9,1104.0,1071.5,1081.9,3017,
2010-12-03 12:12:00,GLAPHA,1075.0,1095.05,1050.5,1065.63,6255,
2010-12-06 12:12:00,GLAPHA,1065.5,1085.0,1053.65,1065.68,51221,
2010-12-07 12:12:00,GLAPHA,1055.5,1079.8,1054.68,1075.45,4857,
2010-12-08 12:12:00,GLAPHA,1087.5,1087.5,1067.68,1073.13,7930,
2010-12-09 12:12:00,GLAPHA,1070.85,1076.95,1040.0,1065.28,16117,
2010-12-10 12:12:00,GLAPHA,1092.2,1092.2,1012.03,1067.93,18284,
2010-12-13 12:12:00,GLAPHA,1055.1,1083.0,1055.1,1078.1,5536,
2010-12-14 12:12:00,GLAPHA,1079.0,1102.2,1079.0,1098.2,4974,
2010-12-15 12:12:00,GLAPHA,1090.0,1109.0,1090.0,1096.5,10474,
2010-12-16 12:12:00,GLAPHA,1095.03,1110.0,1092.25,1097.53,8841,
2010-12-20 12:12:00,GLAPHA,1095.0,1106.9,1081.3,1100.93,14964,
2010-12-21 12:12:00,GLAPHA,1090.0,1104.0,1090.0,1100.13,15809,
2010-12-22 12:12:00,GLAPHA,1083.0,1104.98,1082.5,1100.7,23984,
2010-12-23 12:12:00,GLAPHA,1082.53,1105.0,1082.53,1102.65,26840,
2010-12-24 12:12:00,GLAPHA,1100.0,1112.5,1080.25,1106.05,9174,
2010-12-27 12:12:00,GLAPHA,1112.5,1127.2,1105.5,1113.45,9758,
2010-12-28 12:12:00,GLAPHA,1102.5,1122.5,1102.5,1119.38,2516,
2010-12-29 12:12:00,GLAPHA,1115.5,1147.5,1115.5,1140.65,10358,
2010-12-30 12:12:00,GLAPHA,1135.0,1169.4,1130.5,1162.45,27963,
2010-12-31 12:12:00,GLAPHA,1125.85,1182.25,1125.85,1168.75,23708,
2011-01-03 12:01:00,GLAPHA,1172.2,1198.5,1165.1,1171.3,4508,
2011-01-04 12:01:00,GLAPHA,1167.58,1177.25,1167.58,1173.9,6962,
2011-01-05 12:01:00,GLAPHA,1180.0,1196.0,1176.05,1190.88,9039,
2011-01-06 12:01:00,GLAPHA,1194.95,1204.3,1192.0,1200.1,8654,
2011-01-07 12:01:00,GLAPHA,1178.58,1200.1,1175.0,1188.38,5629,
2011-01-10 12:01:00,GLAPHA,1176.5,1217.48,1176.5,1195.05,16949,
2011-01-11 12:01:00,GLAPHA,1200.0,1205.0,1190.0,1191.8,31676,
2011-01-12 12:01:00,GLAPHA,1185.03,1207.5,1185.03,1195.85,139833,
2011-01-13 12:01:00,GLAPHA,1205.0,1205.0,1165.5,1171.68,3559,
2011-01-14 12:01:00,GLAPHA,1160.2,1191.5,1152.5,1165.68,5357,
2011-01-17 12:01:00,GLAPHA,1157.5,1175.0,1150.0,1157.48,4199,
2011-01-18 12:01:00,GLAPHA,1170.5,1170.5,1152.5,1156.85,3401,
2011-01-19 12:01:00,GLAPHA,1150.03,1155.0,1137.5,1150.98,5711,
2011-01-21 12:01:00,GLAPHA,1133.03,1143.0,1123.03,1140.3,3758,
2011-01-24 12:01:00,GLAPHA,1129.0,1152.0,1115.0,1120.7,3794,
2011-01-25 12:01:00,GLAPHA,1128.08,1141.0,1125.0,1134.8,5230,
2011-01-27 12:01:00,GLAPHA,1135.0,1144.25,1115.0,1117.38,8313,
2011-01-28 12:01:00,GLAPHA,1119.78,1149.35,1090.0,1139.28,12794,
2011-01-31 12:01:00,GLAPHA,1140.0,1144.85,1110.0,1142.33,9919,
2011-02-01 12:02:00,GLAPHA,1155.0,1155.0,1127.5,1132.5,505620,
2011-02-03 12:02:00,GLAPHA,1127.5,1129.85,1109.0,1121.1,12235,
2011-02-04 12:02:00,GLAPHA,1089.0,1129.93,1089.0,1115.18,7568,
2011-02-07 12:02:00,GLAPHA,1115.5,1129.0,1106.58,1116.75,21364,
2011-02-08 12:02:00,GLAPHA,1113.5,1124.98,1104.13,1120.88,4598,
2011-02-09 12:02:00,GLAPHA,1122.4,1123.93,1085.5,1098.9,33470,
2011-02-10 12:02:00,GLAPHA,1098.0,1112.48,1081.95,1105.28,7658,
2011-02-11 12:02:00,GLAPHA,1080.58,1117.5,1080.58,1106.95,7104,
2011-02-14 12:02:00,GLAPHA,1137.0,1137.0,1087.5,1100.55,13118,
2011-02-15 12:02:00,GLAPHA,1132.85,1149.5,1104.95,1111.15,5345,
2011-02-16 12:02:00,GLAPHA,1110.58,1116.98,1101.08,1109.25,3868,
2011-02-17 12:02:00,GLAPHA,1101.1,1133.75,1101.1,1115.48,3297,
2011-02-18 12:02:00,GLAPHA,1120.05,1136.9,1106.03,1110.85,9477,
2011-02-21 12:02:00,GLAPHA,1111.0,1122.0,1087.53,1116.68,30078,
2011-02-22 12:02:00,GLAPHA,1111.05,1120.5,1098.25,1117.95,3882,
2011-02-23 12:02:00,GLAPHA,1110.0,1115.03,1102.58,1110.83,54000,
2011-02-24 12:02:00,GLAPHA,1103.0,1132.5,1075.0,1109.45,28803,
2011-02-25 12:02:00,GLAPHA,1100.0,1130.0,1087.5,1110.68,9113,
2011-02-28 12:02:00,GLAPHA,1111.0,1132.5,1099.03,1104.28,7811,
2011-03-01 12:03:00,GLAPHA,1102.5,1111.0,1095.0,1099.03,11536,
2011-03-03 12:03:00,GLAPHA,1099.03,1099.03,1087.5,1089.0,25861,
2011-03-04 12:03:00,GLAPHA,1089.0,1092.45,1055.58,1083.28,11856,
2011-03-07 12:03:00,GLAPHA,1083.28,1084.48,1071.0,1074.8,8214,
2011-03-08 12:03:00,GLAPHA,1112.0,1112.0,1065.0,1081.05,59367,
2011-03-09 12:03:00,GLAPHA,1084.95,1101.65,1081.0,1091.38,22635,
2011-03-10 12:03:00,GLAPHA,1089.0,1102.5,1086.15,1093.88,5510,
2011-03-11 12:03:00,GLAPHA,1095.0,1100.0,1078.75,1085.98,5960,
2011-03-14 12:03:00,GLAPHA,1080.15,1084.0,1057.5,1061.2,8973,
2011-03-15 12:03:00,GLAPHA,1059.0,1059.5,1038.8,1042.7,17328,
2011-03-16 12:03:00,GLAPHA,1049.0,1049.0,1017.55,1022.63,209735,
2011-03-17 12:03:00,GLAPHA,1040.0,1062.2,1030.0,1049.65,41886,
2011-03-18 12:03:00,GLAPHA,1050.03,1059.98,1002.68,1019.9,64677,
2011-03-21 12:03:00,GLAPHA,985.5,1027.65,985.5,1021.75,54598,
2011-03-22 12:03:00,GLAPHA,1015.58,1022.0,1015.58,1019.88,7405,
2011-03-23 12:03:00,GLAPHA,1012.55,1020.0,1007.53,1012.38,22031,
2011-03-24 12:03:00,GLAPHA,1010.0,1052.5,1010.0,1048.1,22969,
2011-03-25 12:03:00,GLAPHA,1040.53,1063.0,1040.0,1048.73,22741,
2011-03-28 12:03:00,GLAPHA,1092.2,1094.5,1039.0,1048.68,5966,
2011-03-29 12:03:00,GLAPHA,1050.0,1058.5,1036.25,1040.23,11972,
2011-03-30 12:03:00,GLAPHA,1034.6,1055.0,1034.58,1047.73,10313,
2011-03-31 12:03:00,GLAPHA,1062.5,1077.5,1005.0,1031.48,147732,
2011-04-01 12:04:00,GLAPHA,1025.0,1049.2,1012.58,1045.45,9255,
2011-04-04 12:04:00,GLAPHA,1045.0,1062.5,1034.0,1060.78,7533,
2011-04-05 12:04:00,GLAPHA,1075.0,1081.5,1051.5,1056.28,16233,
2011-04-06 12:04:00,GLAPHA,1067.0,1073.0,1052.5,1064.95,52881,
2011-04-07 12:04:00,GLAPHA,1069.4,1090.0,1065.5,1074.43,35722,
2011-04-08 12:04:00,GLAPHA,1068.13,1097.5,1056.0,1088.95,19036,
2011-04-11 12:04:00,GLAPHA,1092.5,1096.05,1066.13,1073.88,34583,
2011-04-13 12:04:00,GLAPHA,1064.0,1070.0,1056.03,1067.28,19358,
2011-04-15 12:04:00,GLAPHA,1062.5,1070.0,1050.0,1052.45,46705,
2011-04-18 12:04:00,GLAPHA,1062.0,1063.98,1038.5,1060.2,47484,
2011-04-19 12:04:00,GLAPHA,1047.8,1066.98,1038.18,1059.5,8310,
2011-04-20 12:04:00,GLAPHA,1062.5,1066.0,1046.6,1057.08,15468,
2011-04-21 12:04:00,GLAPHA,1056.5,1070.0,1050.4,1055.78,9714,
2011-04-25 12:04:00,GLAPHA,1050.0,1059.43,1047.5,1054.5,124585,
2011-04-26 12:04:00,GLAPHA,1053.0,1061.5,1052.5,1057.5,53417,
2011-04-27 12:04:00,GLAPHA,1055.5,1105.0,1055.0,1096.95,54272,
2011-04-28 12:04:00,GLAPHA,1102.5,1126.18,1093.0,1113.95,32944,
2011-04-29 12:04:00,GLAPHA,1114.53,1131.5,1105.0,1128.83,32108,
2011-05-02 12:05:00,GLAPHA,1120.0,1144.0,1116.45,1136.5,39694,
2011-05-03 12:05:00,GLAPHA,1162.2,1162.2,1116.53,1146.25,14971,
2011-05-04 12:05:00,GLAPHA,1142.0,1179.88,1130.58,1168.0,30749,
2011-05-05 12:05:00,GLAPHA,1169.98,1179.0,1110.25,1127.83,28121,
2011-05-06 12:05:00,GLAPHA,1120.0,1162.5,1100.0,1147.18,67587,
2011-05-09 12:05:00,GLAPHA,1127.88,1153.98,1127.78,1146.7,11797,
2011-05-10 12:05:00,GLAPHA,1149.5,1159.48,1130.0,1151.95,11633,
2011-05-11 12:05:00,GLAPHA,1150.5,1171.98,1140.5,1167.1,11789,
2011-05-12 12:05:00,GLAPHA,1150.0,1174.5,1150.0,1170.23,9250,
2011-05-13 12:05:00,GLAPHA,1160.28,1174.5,1160.08,1169.75,5490,
2011-05-16 12:05:00,GLAPHA,1175.0,1187.5,1150.0,1186.1,10254,
2011-05-17 12:05:00,GLAPHA,1175.5,1194.4,1152.2,1179.95,7915,
2011-05-18 12:05:00,GLAPHA,1177.5,1177.5,1160.6,1167.7,3898,
2011-05-19 12:05:00,GLAPHA,1172.45,1172.45,1140.5,1160.08,20968,
2011-05-20 12:05:00,GLAPHA,1169.63,1170.0,1153.08,1166.8,4076,
2011-05-23 12:05:00,GLAPHA,1166.0,1169.5,1155.03,1166.78,2742,
2011-05-24 12:05:00,GLAPHA,1160.18,1173.98,1160.18,1170.68,7278,
2011-05-25 12:05:00,GLAPHA,1167.45,1172.5,1125.0,1169.65,24894,
2011-05-26 12:05:00,GLAPHA,1174.95,1176.0,1143.33,1164.33,19603,
2011-05-27 12:05:00,GLAPHA,1174.45,1174.45,1164.0,1168.4,1746,
2011-05-30 12:05:00,GLAPHA,1136.53,1172.5,1136.53,1156.1,6440,
2011-05-31 12:05:00,GLAPHA,1156.25,1164.5,1156.25,1160.75,7004,
2011-06-01 12:06:00,GLAPHA,1169.85,1185.0,1161.0,1180.33,3352,
2011-06-02 12:06:00,GLAPHA,1170.0,1186.5,1167.53,1183.35,6824,
2011-06-03 12:06:00,GLAPHA,1156.15,1203.95,1156.15,1197.28,11891,
2011-06-06 12:06:00,GLAPHA,1205.0,1212.2,1177.55,1184.5,11704,
2011-06-07 12:06:00,GLAPHA,1185.0,1185.0,1172.5,1179.65,22127,
2011-06-08 12:06:00,GLAPHA,1175.08,1187.5,1175.08,1180.03,40336,
2011-06-09 12:06:00,GLAPHA,1182.5,1189.98,1175.0,1182.35,7551,
2011-06-10 12:06:00,GLAPHA,1182.5,1206.0,1180.23,1201.15,11408,
2011-06-13 12:06:00,GLAPHA,1201.5,1223.5,1192.5,1216.6,72529,
2011-06-14 12:06:00,GLAPHA,1217.5,1239.0,1210.5,1217.23,30427,
2011-06-15 12:06:00,GLAPHA,1219.5,1229.38,1215.18,1222.6,13473,
2011-06-16 12:06:00,GLAPHA,1225.0,1235.28,1214.0,1229.95,8806,
2011-06-17 12:06:00,GLAPHA,1225.0,1230.0,1165.6,1175.43,32088,
2011-06-20 12:06:00,GLAPHA,1188.7,1188.7,1120.6,1163.8,24978,
2011-06-21 12:06:00,GLAPHA,1175.43,1175.43,1140.6,1160.38,15996,
2011-06-22 12:06:00,GLAPHA,1207.0,1207.0,1127.8,1158.73,32005,
2011-06-23 12:06:00,GLAPHA,1165.0,1175.0,1146.53,1158.43,30779,
2011-06-24 12:06:00,GLAPHA,1175.05,1175.05,1158.25,1169.25,5286,
2011-06-27 12:06:00,GLAPHA,1162.5,1180.0,1140.1,1163.28,13241,
2011-06-28 12:06:00,GLAPHA,1165.0,1174.0,1148.0,1165.98,5761,
2011-06-29 12:06:00,GLAPHA,1160.5,1187.5,1160.5,1178.7,14693,
2011-06-30 12:06:00,GLAPHA,1175.0,1195.5,1170.6,1175.08,8037,
2011-07-01 12:07:00,GLAPHA,1162.5,1207.5,1162.5,1173.05,4724,
2011-07-04 12:07:00,GLAPHA,1182.5,1182.5,1166.0,1178.05,6655,
2011-07-05 12:07:00,GLAPHA,1165.5,1177.5,1155.28,1167.78,7726,
2011-07-06 12:07:00,GLAPHA,1160.5,1173.0,1155.0,1165.85,3269,
2011-07-07 12:07:00,GLAPHA,1190.0,1192.38,1158.5,1176.58,15043,
2011-07-11 12:07:00,GLAPHA,1152.25,1167.38,1150.0,1164.7,18468,
2011-07-12 12:07:00,GLAPHA,1150.55,1172.0,1150.55,1165.18,3958,
2011-07-13 12:07:00,GLAPHA,1172.4,1172.45,1160.5,1162.93,2393,
2011-07-14 12:07:00,GLAPHA,1165.0,1167.5,1159.03,1163.15,3028,
2011-07-15 12:07:00,GLAPHA,1150.5,1177.5,1128.25,1172.58,12408,
2011-07-18 12:07:00,GLAPHA,1192.2,1192.2,1132.78,1150.63,5354,
2011-07-19 12:07:00,GLAPHA,1154.95,1164.0,1142.55,1155.6,108532,
2011-07-20 12:07:00,GLAPHA,1154.03,1162.5,1146.13,1148.58,13595,
2011-07-21 12:07:00,GLAPHA,1150.0,1162.48,1145.53,1160.23,37003,
2011-07-22 12:07:00,GLAPHA,1162.5,1175.0,1152.58,1158.03,14183,
2011-07-25 12:07:00,GLAPHA,1174.43,1177.75,1150.18,1172.7,37205,
2011-07-26 12:07:00,GLAPHA,1175.0,1178.0,1151.65,1157.75,35538,
2011-07-27 12:07:00,GLAPHA,1165.0,1175.0,1137.83,1151.3,7678,
2011-07-28 12:07:00,GLAPHA,1152.53,1196.05,1150.58,1190.55,96678,
2011-07-29 12:07:00,GLAPHA,1187.5,1190.55,1163.18,1172.45,16598,
2011-08-01 12:08:00,GLAPHA,1172.45,1172.45,1150.5,1153.68,15027,
2011-08-02 12:08:00,GLAPHA,1154.75,1157.4,1135.0,1146.13,17376,
2011-08-03 12:08:00,GLAPHA,1140.0,1149.93,1130.0,1137.8,7975,
2011-08-04 12:08:00,GLAPHA,1132.15,1147.0,1132.15,1140.48,79915,
2011-08-05 12:08:00,GLAPHA,1112.5,1137.48,1095.68,1100.45,14539,
2011-08-08 12:08:00,GLAPHA,1094.98,1094.98,1055.5,1068.28,55746,
2011-08-09 12:08:00,GLAPHA,1058.5,1070.0,1046.13,1056.08,116800,
2011-08-10 12:08:00,GLAPHA,1075.0,1075.0,1053.3,1059.23,22465,
2011-08-11 12:08:00,GLAPHA,1057.55,1099.35,1055.0,1079.23,151376,
2011-08-12 12:08:00,GLAPHA,1065.0,1082.5,1062.85,1069.83,10185,
2011-08-16 12:08:00,GLAPHA,1065.0,1072.0,1052.5,1067.73,46704,
2011-08-17 12:08:00,GLAPHA,1058.3,1079.95,1058.3,1073.95,27180,
2011-08-18 12:08:00,GLAPHA,1070.03,1080.75,1070.0,1075.98,8793,
2011-08-19 12:08:00,GLAPHA,1074.0,1084.0,1046.5,1073.23,9040,
2011-08-22 12:08:00,GLAPHA,1062.5,1087.5,1062.5,1079.1,5596,
2011-08-23 12:08:00,GLAPHA,1072.5,1106.0,1067.5,1083.18,8103,
2011-08-24 12:08:00,GLAPHA,1067.75,1096.98,1065.0,1074.83,10076,
2011-08-25 12:08:00,GLAPHA,1068.05,1088.5,1047.5,1052.35,38029,
2011-08-26 12:08:00,GLAPHA,1052.5,1085.0,1046.5,1062.63,135283,
2011-08-29 12:08:00,GLAPHA,1085.0,1094.9,1050.0,1054.2,8892,
2011-08-30 12:08:00,GLAPHA,1074.5,1074.5,1055.55,1059.8,5366,
2011-09-02 12:09:00,GLAPHA,1060.0,1077.43,1059.5,1065.3,57409,
2011-09-05 12:09:00,GLAPHA,1074.98,1074.98,1051.25,1064.95,31868,
2011-09-06 12:09:00,GLAPHA,1071.5,1074.5,1060.0,1065.38,126093,
2011-09-07 12:09:00,GLAPHA,1061.5,1070.5,1057.55,1061.68,17898,
2011-09-08 12:09:00,GLAPHA,1061.68,1065.98,1050.0,1058.58,6187,
2011-09-09 12:09:00,GLAPHA,1061.18,1065.0,1046.13,1047.18,6199,
2011-09-12 12:09:00,GLAPHA,1046.13,1052.45,1033.0,1038.48,8369,
2011-09-13 12:09:00,GLAPHA,1054.95,1062.48,1019.2,1029.85,39175,
2011-09-14 12:09:00,GLAPHA,1030.0,1034.98,1012.1,1021.93,5672,
2011-09-15 12:09:00,GLAPHA,1021.93,1033.5,1013.5,1029.78,5107,
2011-09-16 12:09:00,GLAPHA,1007.1,1042.5,1005.08,1026.38,26952,
2011-09-19 12:09:00,GLAPHA,1015.0,1046.5,1015.0,1033.8,5147,
2011-09-20 12:09:00,GLAPHA,1012.75,1042.5,1012.75,1029.25,8369,
2011-09-21 12:09:00,GLAPHA,1020.25,1040.0,1020.25,1034.88,3375,
2011-09-22 12:09:00,GLAPHA,1020.25,1029.98,1015.55,1025.68,106877,
2011-09-23 12:09:00,GLAPHA,1010.25,1026.8,996.25,1002.33,10859,
2011-09-26 12:09:00,GLAPHA,992.2,1015.0,982.53,1011.4,9960,
2011-09-27 12:09:00,GLAPHA,995.5,1051.5,995.5,1032.4,36336,
2011-09-28 12:09:00,GLAPHA,1036.0,1052.48,1027.5,1046.98,18410,
2011-09-29 12:09:00,GLAPHA,1043.0,1049.48,1022.5,1042.9,11353,
2011-09-30 12:09:00,GLAPHA,1042.9,1057.0,1032.5,1045.5,3603,
2011-10-03 12:10:00,GLAPHA,1035.13,1058.98,1022.55,1049.48,5930,
2011-10-04 12:10:00,GLAPHA,1045.05,1057.43,1035.0,1050.2,31926,
2011-10-05 12:10:00,GLAPHA,1056.5,1073.58,1043.0,1045.85,3174,
2011-10-07 12:10:00,GLAPHA,1055.0,1065.0,1045.0,1049.43,66582,
2011-10-10 12:10:00,GLAPHA,1052.5,1052.5,1039.5,1041.63,5398,
2011-10-11 12:10:00,GLAPHA,1050.0,1050.0,1020.58,1029.78,15460,
2011-10-12 12:10:00,GLAPHA,1028.0,1032.5,1012.5,1023.53,6193,
2011-10-13 12:10:00,GLAPHA,1028.0,1031.9,1020.0,1029.13,32150,
2011-10-14 12:10:00,GLAPHA,1048.93,1048.93,1025.03,1030.98,46711,
2011-10-17 12:10:00,GLAPHA,1030.98,1046.5,1025.0,1037.53,9638,
2011-10-18 12:10:00,GLAPHA,1044.48,1044.48,1030.5,1035.63,5667,
2011-10-19 12:10:00,GLAPHA,1039.98,1072.45,1031.03,1046.68,19296,
2011-10-20 12:10:00,GLAPHA,1031.13,1049.93,1031.03,1045.7,5040,
2011-10-21 12:10:00,GLAPHA,1059.0,1065.65,1038.03,1053.03,11645,
2011-10-24 12:10:00,GLAPHA,1053.03,1054.5,1035.08,1043.6,29634,
2011-10-25 12:10:00,GLAPHA,1043.5,1057.5,1031.05,1048.73,16105,
2011-10-26 12:10:00,GLAPHA,1054.0,1058.5,1048.08,1051.45,2084,
2011-10-31 12:10:00,GLAPHA,1036.15,1053.65,1013.68,1028.8,56407,
2011-11-01 12:11:00,GLAPHA,1027.05,1063.75,1027.05,1051.75,38098,
2011-11-02 12:11:00,GLAPHA,1041.25,1064.4,1041.25,1051.28,10336,
2011-11-03 12:11:00,GLAPHA,1035.18,1061.23,1035.18,1042.98,48226,
2011-11-04 12:11:00,GLAPHA,1062.95,1074.0,1028.08,1056.75,29489,
2011-11-08 12:11:00,GLAPHA,1052.4,1052.4,1017.5,1022.63,19870,
2011-11-09 12:11:00,GLAPHA,1034.0,1034.73,1000.5,1003.88,9135,
2011-11-11 12:11:00,GLAPHA,1005.0,1020.0,1005.0,1013.83,14013,
2011-11-14 12:11:00,GLAPHA,1015.05,1023.93,1005.23,1014.85,7843,
2011-11-15 12:11:00,GLAPHA,1013.65,1013.65,999.5,1001.78,11283,
2011-11-16 12:11:00,GLAPHA,1001.78,1008.0,987.5,991.6,64156,
2011-11-17 12:11:00,GLAPHA,995.0,1005.0,982.0,996.73,18173,
2011-11-18 12:11:00,GLAPHA,983.15,1001.5,980.0,999.38,25789,
2011-11-21 12:11:00,GLAPHA,990.03,995.0,978.0,984.33,3814,
2011-11-22 12:11:00,GLAPHA,969.25,996.0,969.25,975.38,79221,
2011-11-23 12:11:00,GLAPHA,960.75,979.9,931.1,951.25,17818,
2011-11-24 12:11:00,GLAPHA,931.0,981.0,931.0,974.9,24966,
2011-11-25 12:11:00,GLAPHA,975.5,992.0,967.6,983.6,15081,
2011-11-28 12:11:00,GLAPHA,1000.0,1002.98,970.25,976.85,20370,
2011-11-29 12:11:00,GLAPHA,987.5,992.45,967.0,971.78,16105,
2011-11-30 12:11:00,GLAPHA,977.5,977.5,954.5,958.55,6995,
2011-12-01 12:12:00,GLAPHA,965.0,977.5,948.0,950.08,31949,
2011-12-02 12:12:00,GLAPHA,947.8,964.95,947.8,962.85,35748,
2011-12-05 12:12:00,GLAPHA,951.08,975.0,946.0,956.58,20750,
2011-12-07 12:12:00,GLAPHA,961.5,971.75,942.5,954.93,15518,
2011-12-08 12:12:00,GLAPHA,945.78,955.5,945.0,949.65,8363,
2011-12-09 12:12:00,GLAPHA,945.0,957.5,927.0,931.58,15959,
2011-12-12 12:12:00,GLAPHA,936.0,939.0,905.55,932.08,7542,
2011-12-13 12:12:00,GLAPHA,922.2,942.83,913.4,934.8,7635,
2011-12-14 12:12:00,GLAPHA,935.0,944.0,920.0,930.0,74024,
2011-12-15 12:12:00,GLAPHA,920.28,959.38,915.0,937.5,6736,
2011-12-16 12:12:00,GLAPHA,938.5,952.0,917.0,920.08,16013,
2011-12-19 12:12:00,GLAPHA,920.0,929.23,915.5,923.9,13342,
2011-12-20 12:12:00,GLAPHA,932.4,932.4,914.65,924.75,3550,
2011-12-21 12:12:00,GLAPHA,930.0,938.83,920.0,934.28,3909,
2011-12-22 12:12:00,GLAPHA,925.0,966.98,925.0,960.43,5757,
2011-12-23 12:12:00,GLAPHA,958.5,974.5,950.5,956.68,16175,
2011-12-26 12:12:00,GLAPHA,956.5,967.38,947.5,959.78,6516,
2011-12-27 12:12:00,GLAPHA,950.25,964.95,946.0,963.03,4549,
2011-12-28 12:12:00,GLAPHA,964.93,968.0,940.5,963.9,7072,
2011-12-29 12:12:00,GLAPHA,957.5,975.0,950.5,969.25,5929,
2011-12-30 12:12:00,GLAPHA,970.05,1002.08,945.53,972.58,20327,
2012-01-02 12:01:00,GLAPHA,979.78,992.5,965.05,990.93,5908,
2012-01-03 12:01:00,GLAPHA,999.95,1000.0,990.03,993.18,8888,
2012-01-04 12:01:00,GLAPHA,995.0,999.5,987.5,992.78,1540,
2012-01-05 12:01:00,GLAPHA,992.5,992.5,975.53,982.53,4089,
2012-01-06 12:01:00,GLAPHA,976.55,984.5,963.25,975.63,15853,
2012-01-07 12:01:00,GLAPHA,984.5,994.5,966.0,978.78,118,
2012-01-09 12:01:00,GLAPHA,970.03,990.0,970.03,979.75,1670,
2012-01-10 12:01:00,GLAPHA,992.4,999.4,972.75,984.53,20573,
2012-01-11 12:01:00,GLAPHA,1007.2,1007.2,972.0,982.78,173292,
2012-01-12 12:01:00,GLAPHA,980.0,984.05,975.53,979.85,19817,
2012-01-13 12:01:00,GLAPHA,975.03,984.9,975.03,981.63,12692,
2012-01-16 12:01:00,GLAPHA,984.5,1001.5,972.0,991.83,2624,
2012-01-17 12:01:00,GLAPHA,987.65,1004.45,987.65,991.68,25738,
2012-01-18 12:01:00,GLAPHA,1000.0,1000.0,982.5,989.95,28103,
2012-01-19 12:01:00,GLAPHA,999.65,999.65,976.0,982.9,41334,
2012-01-20 12:01:00,GLAPHA,983.5,991.75,975.6,981.38,28973,
2012-01-23 12:01:00,GLAPHA,976.03,1000.0,976.03,979.45,19037,
2012-01-24 12:01:00,GLAPHA,979.5,987.4,967.5,972.43,20139,
2012-01-25 12:01:00,GLAPHA,965.55,975.0,960.0,968.18,12486,
2012-01-27 12:01:00,GLAPHA,976.5,997.48,963.05,973.18,15170,
2012-01-30 12:01:00,GLAPHA,965.3,987.4,960.0,967.23,16729,
2012-01-31 12:01:00,GLAPHA,965.5,978.48,960.05,970.03,34046,
2012-02-01 12:02:00,GLAPHA,974.9,976.93,963.0,969.85,28192,
2012-02-02 12:02:00,GLAPHA,974.98,984.23,974.0,980.25,39272,
2012-02-03 12:02:00,GLAPHA,995.0,995.0,965.03,979.98,35213,
2012-02-06 12:02:00,GLAPHA,979.5,999.0,979.5,991.35,36442,
2012-02-07 12:02:00,GLAPHA,995.0,1024.45,985.53,1019.15,42686,
2012-02-08 12:02:00,GLAPHA,1046.0,1046.0,1005.0,1012.63,16216,
2012-02-09 12:02:00,GLAPHA,1012.5,1025.0,1012.5,1019.63,18096,
2012-02-13 12:02:00,GLAPHA,1010.5,1037.25,1010.5,1017.53,16597,
2012-02-14 12:02:00,GLAPHA,1025.0,1030.0,1012.0,1021.13,26337,
2012-02-15 12:02:00,GLAPHA,1040.0,1070.0,1025.53,1053.13,63062,
2012-02-16 12:02:00,GLAPHA,1055.0,1073.5,1037.5,1043.28,27295,
2012-02-17 12:02:00,GLAPHA,1059.5,1059.5,1040.03,1043.18,119178,
2012-02-21 12:02:00,GLAPHA,1059.93,1059.93,1036.18,1044.05,173318,
2012-02-22 12:02:00,GLAPHA,1041.5,1050.5,1038.53,1041.5,18005,
2012-02-23 12:02:00,GLAPHA,1053.75,1053.75,1034.0,1037.3,50025,
2012-02-27 12:02:00,GLAPHA,1035.0,1041.5,1028.03,1032.88,8661,
2012-02-28 12:02:00,GLAPHA,1030.05,1042.35,1022.5,1040.3,3588,
2012-02-29 12:02:00,GLAPHA,1035.25,1048.0,1034.0,1037.43,15837,
2012-03-01 12:03:00,GLAPHA,1035.03,1062.5,1035.03,1043.7,13108,
2012-03-02 12:03:00,GLAPHA,1023.75,1047.5,1023.75,1042.2,12156,
2012-03-03 12:03:00,GLAPHA,1040.5,1040.5,1035.0,1036.75,262,
2012-03-05 12:03:00,GLAPHA,1040.0,1042.0,1027.75,1037.63,52904,
2012-03-06 12:03:00,GLAPHA,1047.48,1047.48,1033.03,1040.03,39850,
2012-03-07 12:03:00,GLAPHA,1026.65,1049.95,1026.65,1041.7,4134,
2012-03-09 12:03:00,GLAPHA,1040.0,1059.0,1040.0,1042.0,26517,
2012-03-12 12:03:00,GLAPHA,1042.5,1052.5,1040.0,1041.45,42032,
2012-03-13 12:03:00,GLAPHA,1050.0,1050.0,1041.0,1043.35,4865,
2012-03-14 12:03:00,GLAPHA,1035.0,1047.5,1035.0,1043.53,4469,
2012-03-15 12:03:00,GLAPHA,1042.5,1070.0,1041.0,1058.23,58584,
2012-03-16 12:03:00,GLAPHA,1072.95,1077.0,1053.05,1070.23,64516,
2012-03-19 12:03:00,GLAPHA,1057.5,1077.5,1055.1,1072.45,74318,
2012-03-20 12:03:00,GLAPHA,1082.5,1087.48,1070.05,1081.88,13644,
2012-03-21 12:03:00,GLAPHA,1085.0,1107.48,1082.5,1103.8,21121,
2012-03-22 12:03:00,GLAPHA,1102.28,1107.4,1085.0,1095.1,11394,
2012-03-23 12:03:00,GLAPHA,1100.0,1103.95,1076.38,1085.88,4276,
2012-03-26 12:03:00,GLAPHA,1094.5,1104.45,1088.0,1094.8,10847,
2012-03-27 12:03:00,GLAPHA,1099.5,1105.5,1090.25,1100.1,102803,
2012-03-28 12:03:00,GLAPHA,1135.0,1147.5,1100.0,1128.4,27375,
2012-03-29 12:03:00,GLAPHA,1113.25,1122.4,1097.53,1111.88,21040,
2012-03-30 12:03:00,GLAPHA,1107.5,1180.0,1100.0,1158.28,34507,
2012-04-02 12:04:00,GLAPHA,1151.0,1154.48,1136.08,1138.8,6915,
2012-04-03 12:04:00,GLAPHA,1154.98,1166.5,1136.1,1144.7,6690,
2012-04-04 12:04:00,GLAPHA,1140.0,1149.98,1121.0,1127.5,3943,
2012-04-09 12:04:00,GLAPHA,1125.0,1129.6,1102.5,1105.38,94120,
2012-04-10 12:04:00,GLAPHA,1120.0,1120.0,1106.25,1109.23,8541,
2012-04-11 12:04:00,GLAPHA,1104.5,1112.5,1088.0,1092.73,9145,
2012-04-12 12:04:00,GLAPHA,1090.6,1115.0,1082.5,1086.43,12230,
2012-04-13 12:04:00,GLAPHA,1087.78,1112.5,1087.78,1096.1,5456,
2012-04-16 12:04:00,GLAPHA,1100.0,1116.95,1081.3,1087.38,4932,
2012-04-17 12:04:00,GLAPHA,1090.0,1111.95,1085.63,1105.1,10423,
2012-04-18 12:04:00,GLAPHA,1105.1,1149.3,1105.1,1125.95,11451,
2012-04-19 12:04:00,GLAPHA,1130.0,1140.0,1102.5,1107.38,4201,
2012-04-20 12:04:00,GLAPHA,1107.5,1125.0,1102.55,1120.45,8803,
2012-04-23 12:04:00,GLAPHA,1114.38,1127.5,1095.05,1119.48,3798,
2012-04-24 12:04:00,GLAPHA,1122.5,1122.5,1101.05,1105.83,1235,
2012-04-25 12:04:00,GLAPHA,1105.0,1111.5,1090.0,1095.33,16021,
2012-04-26 12:04:00,GLAPHA,1100.0,1104.98,1081.1,1089.95,69000,
2012-04-27 12:04:00,GLAPHA,1083.5,1099.98,1080.58,1088.98,2927,
2012-04-28 12:04:00,GLAPHA,1097.0,1097.0,1087.5,1089.95,220,
2012-04-30 12:04:00,GLAPHA,1091.0,1095.0,1058.53,1072.03,4967,
2012-05-02 12:05:00,GLAPHA,1063.0,1091.0,1062.5,1086.48,4301,
2012-05-03 12:05:00,GLAPHA,1086.48,1089.45,1075.1,1085.38,3557,
2012-05-04 12:05:00,GLAPHA,1087.5,1090.0,1055.0,1068.65,3768,
2012-05-07 12:05:00,GLAPHA,1051.68,1070.5,1042.53,1063.8,7252,
2012-05-08 12:05:00,GLAPHA,1073.98,1089.45,1042.53,1050.15,13582,
2012-05-09 12:05:00,GLAPHA,1049.9,1053.93,1031.1,1041.48,7989,
2012-05-10 12:05:00,GLAPHA,1041.75,1042.25,1025.05,1027.18,2521,
2012-05-11 12:05:00,GLAPHA,1025.0,1039.98,1021.45,1025.05,2591,
2012-05-14 12:05:00,GLAPHA,1027.0,1040.0,1019.4,1028.18,3893,
2012-05-15 12:05:00,GLAPHA,1025.28,1036.95,1012.5,1014.4,7662,
2012-05-16 12:05:00,GLAPHA,1010.03,1022.5,996.5,1014.2,13341,
2012-05-17 12:05:00,GLAPHA,1004.3,1048.98,1004.3,1031.98,3840,
2012-05-18 12:05:00,GLAPHA,1025.5,1035.03,1020.5,1024.83,6742,
2012-05-21 12:05:00,GLAPHA,1016.5,1040.0,1015.53,1021.15,13254,
2012-05-22 12:05:00,GLAPHA,1024.98,1024.98,992.55,995.08,3832,
2012-05-23 12:05:00,GLAPHA,996.0,1003.38,975.0,982.43,9025,
2012-05-24 12:05:00,GLAPHA,987.0,999.0,979.5,990.68,15587,
2012-05-25 12:05:00,GLAPHA,994.4,999.2,985.5,997.53,2535,
2012-05-28 12:05:00,GLAPHA,1000.0,1004.98,992.5,1002.4,3876,
2012-05-29 12:05:00,GLAPHA,1009.5,1011.0,991.48,994.03,1945,
2012-05-30 12:05:00,GLAPHA,989.0,1019.5,989.0,1012.2,20856,
2012-05-31 12:05:00,GLAPHA,1002.53,1014.0,985.0,1005.0,19730,
2012-06-01 12:06:00,GLAPHA,1000.0,1006.98,983.05,986.75,4227,
2012-06-04 12:06:00,GLAPHA,995.03,995.03,977.0,992.8,2921,
2012-06-05 12:06:00,GLAPHA,999.15,1007.95,981.28,1005.0,5021,
2012-06-06 12:06:00,GLAPHA,1005.0,1009.0,992.0,992.78,8124,
2012-06-07 12:06:00,GLAPHA,1002.15,1004.0,992.63,995.08,16514,
2012-06-08 12:06:00,GLAPHA,990.0,999.88,986.5,994.4,65120,
2012-06-11 12:06:00,GLAPHA,1019.0,1019.0,975.0,979.38,112944,
2012-06-12 12:06:00,GLAPHA,977.53,1032.5,977.5,1016.83,50363,
2012-06-13 12:06:00,GLAPHA,1024.38,1044.9,1017.5,1024.15,11831,
2012-06-14 12:06:00,GLAPHA,1031.93,1031.93,1006.03,1009.85,3375,
2012-06-15 12:06:00,GLAPHA,1010.5,1015.0,1001.0,1006.33,27461,
2012-06-18 12:06:00,GLAPHA,1029.5,1029.5,993.0,1000.0,42442,
2012-06-19 12:06:00,GLAPHA,1004.98,1014.0,998.0,1000.5,30835,
2012-06-20 12:06:00,GLAPHA,1009.0,1024.0,1002.95,1016.85,5048,
2012-06-21 12:06:00,GLAPHA,1016.85,1025.03,1005.0,1011.18,3206,
2012-06-22 12:06:00,GLAPHA,1011.0,1021.9,1003.98,1006.93,16722,
2012-06-25 12:06:00,GLAPHA,1009.48,1015.0,1000.65,1008.35,5768,
2012-06-26 12:06:00,GLAPHA,1004.5,1015.0,1003.08,1008.65,34034,
2012-06-27 12:06:00,GLAPHA,1013.45,1013.45,998.5,1001.63,57340,
2012-06-28 12:06:00,GLAPHA,1005.0,1007.48,999.5,1003.55,8248,
2012-06-29 12:06:00,GLAPHA,1002.93,1020.0,1000.83,1009.65,63505,
2012-07-02 12:07:00,GLAPHA,1025.0,1030.0,1010.0,1014.93,9352,
2012-07-03 12:07:00,GLAPHA,1002.75,1024.5,1002.75,1019.33,198094,
2012-07-04 12:07:00,GLAPHA,1009.25,1014.48,1002.63,1011.08,4475,
2012-07-05 12:07:00,GLAPHA,1024.0,1024.0,1002.5,1009.65,56456,
2012-07-06 12:07:00,GLAPHA,1015.0,1015.0,1005.0,1008.23,8229,
2012-07-09 12:07:00,GLAPHA,1002.53,1022.0,1000.5,1007.85,3698,
2012-07-10 12:07:00,GLAPHA,1003.0,1024.0,1001.5,1019.93,7750,
2012-07-11 12:07:00,GLAPHA,1020.0,1038.98,1015.98,1030.73,7311,
2012-07-12 12:07:00,GLAPHA,1037.0,1037.0,1018.63,1025.38,28401,
2012-07-13 12:07:00,GLAPHA,1027.0,1030.9,1014.18,1020.33,2200,
2012-07-16 12:07:00,GLAPHA,1023.95,1032.2,1020.0,1029.9,26500,
2012-07-17 12:07:00,GLAPHA,1037.5,1039.5,1025.0,1028.35,9410,
2012-07-18 12:07:00,GLAPHA,1026.5,1036.25,1026.4,1033.28,2017,
2012-07-19 12:07:00,GLAPHA,1034.1,1043.88,1032.5,1039.88,5689,
2012-07-20 12:07:00,GLAPHA,1049.38,1052.48,1034.23,1036.05,11758,
2012-07-23 12:07:00,GLAPHA,1025.15,1044.25,1024.95,1036.93,26490,
2012-07-24 12:07:00,GLAPHA,1044.35,1059.0,1031.0,1055.43,6719,
2012-07-25 12:07:00,GLAPHA,1054.9,1079.5,1038.55,1075.03,37397,
2012-07-26 12:07:00,GLAPHA,1077.48,1093.48,1058.0,1075.38,102872,
2012-07-27 12:07:00,GLAPHA,1070.53,1080.25,1059.08,1065.3,20386,
2012-07-30 12:07:00,GLAPHA,1066.5,1086.98,1055.0,1062.2,8988,
2012-07-31 12:07:00,GLAPHA,1065.0,1065.0,1042.0,1054.98,3256,
2012-08-01 12:08:00,GLAPHA,1061.5,1062.48,1036.5,1052.18,8943,
2012-08-02 12:08:00,GLAPHA,1042.0,1073.9,1042.0,1061.98,11158,
2012-08-03 12:08:00,GLAPHA,1048.0,1064.1,1048.0,1055.5,2592,
2012-08-06 12:08:00,GLAPHA,1057.48,1070.0,1037.78,1043.08,4145,
2012-08-07 12:08:00,GLAPHA,1036.65,1057.4,1036.65,1050.1,6162,
2012-08-08 12:08:00,GLAPHA,1044.63,1059.0,1040.0,1043.93,4021,
2012-08-09 12:08:00,GLAPHA,1075.0,1075.0,1044.03,1052.65,13008,
2012-08-10 12:08:00,GLAPHA,1045.65,1059.63,1045.63,1054.53,22291,
2012-08-13 12:08:00,GLAPHA,1045.5,1064.0,1041.2,1050.08,15292,
2012-08-14 12:08:00,GLAPHA,1052.5,1067.5,1038.5,1050.13,9749,
2012-08-16 12:08:00,GLAPHA,1055.0,1060.03,1042.5,1047.43,38134,
2012-08-17 12:08:00,GLAPHA,1050.0,1061.45,1041.0,1044.5,4107,
2012-08-21 12:08:00,GLAPHA,1045.0,1048.5,1037.5,1042.53,83038,
2012-08-22 12:08:00,GLAPHA,1047.93,1054.98,1040.5,1044.55,6384,
2012-08-23 12:08:00,GLAPHA,1057.13,1062.5,1041.5,1057.55,9034,
2012-08-24 12:08:00,GLAPHA,1057.5,1057.5,1041.2,1046.88,8732,
2012-08-27 12:08:00,GLAPHA,1048.5,1057.0,1040.03,1044.53,2985,
2012-08-28 12:08:00,GLAPHA,1042.25,1049.98,1042.25,1042.83,1477,
2012-08-29 12:08:00,GLAPHA,1040.68,1049.5,1040.68,1048.13,25813,
2012-08-30 12:08:00,GLAPHA,1041.08,1050.05,1034.45,1046.6,16624,
2012-08-31 12:08:00,GLAPHA,1041.0,1076.5,1041.0,1049.98,6435,
2012-09-03 12:09:00,GLAPHA,1064.48,1064.48,1045.0,1049.55,4290,
2012-09-04 12:09:00,GLAPHA,1049.53,1060.98,1036.03,1050.2,32126,
2012-09-05 12:09:00,GLAPHA,1052.48,1059.98,1042.4,1050.15,4081,
2012-09-06 12:09:00,GLAPHA,1044.05,1053.25,1044.05,1050.0,6369,
2012-09-07 12:09:00,GLAPHA,1054.28,1057.5,1045.5,1049.93,3863,
2012-09-08 12:09:00,GLAPHA,1055.0,1059.5,1047.5,1057.63,553,
2012-09-10 12:09:00,GLAPHA,1057.5,1117.5,1048.48,1095.38,11500,
2012-09-11 12:09:00,GLAPHA,1099.5,1140.0,1095.0,1112.0,32519,
2012-09-12 12:09:00,GLAPHA,1124.98,1139.9,1078.5,1087.55,33091,
2012-09-13 12:09:00,GLAPHA,1090.0,1090.03,1055.3,1060.03,9098,
2012-09-14 12:09:00,GLAPHA,1072.48,1072.5,1041.0,1045.7,15540,
2012-09-17 12:09:00,GLAPHA,1061.0,1061.0,1001.05,1003.03,164810,
2012-09-18 12:09:00,GLAPHA,1009.0,1016.5,995.03,999.68,47313,
2012-09-20 12:09:00,GLAPHA,996.0,1007.5,987.5,992.8,56120,
2012-09-21 12:09:00,GLAPHA,989.0,1000.0,980.0,986.48,169188,
2012-09-24 12:09:00,GLAPHA,987.75,999.85,986.48,990.18,16829,
2012-09-25 12:09:00,GLAPHA,996.7,999.75,988.5,993.6,18161,
2012-09-26 12:09:00,GLAPHA,996.25,1004.98,994.0,999.28,22765,
2012-09-27 12:09:00,GLAPHA,999.5,1005.48,974.7,979.03,29261,
2012-09-28 12:09:00,GLAPHA,962.5,997.98,962.5,990.53,20579,
2012-10-01 12:10:00,GLAPHA,987.5,1005.0,980.5,1001.58,11927,
2012-10-03 12:10:00,GLAPHA,982.6,1012.0,900.6,990.15,10619,
2012-10-05 12:10:00,GLAPHA,970.0,977.5,966.5,971.53,35432,
2012-10-08 12:10:00,GLAPHA,975.0,975.0,966.5,968.33,6802,
2012-10-09 12:10:00,GLAPHA,968.35,980.0,968.35,975.55,4545,
2012-10-10 12:10:00,GLAPHA,987.45,987.45,972.5,981.2,13497,
2012-10-11 12:10:00,GLAPHA,987.5,987.5,978.5,984.48,15259,
2012-10-12 12:10:00,GLAPHA,985.0,987.5,979.98,984.85,7025,
2012-10-15 12:10:00,GLAPHA,990.0,992.45,976.48,988.8,2529,
2012-10-16 12:10:00,GLAPHA,987.5,998.75,987.5,995.95,8862,
2012-10-17 12:10:00,GLAPHA,1000.0,1000.0,991.0,997.35,2822,
2012-10-18 12:10:00,GLAPHA,1000.0,1002.43,981.45,995.75,20917,
2012-10-19 12:10:00,GLAPHA,992.7,999.53,987.5,998.23,25275,
2012-10-22 12:10:00,GLAPHA,976.05,1002.0,976.05,1000.0,35381,
2012-10-23 12:10:00,GLAPHA,994.1,1000.5,988.0,997.93,4218,
2012-10-25 12:10:00,GLAPHA,998.83,1003.85,995.0,1001.9,49243,
2012-10-26 12:10:00,GLAPHA,1001.4,1007.5,997.5,999.93,4367,
2012-10-29 12:10:00,GLAPHA,1002.98,1006.0,997.53,1002.2,18568,
2012-10-30 12:10:00,GLAPHA,1000.0,1004.0,998.5,1002.5,37374,
2012-10-31 12:10:00,GLAPHA,1002.5,1003.95,1001.5,1002.5,25278,
2012-11-01 12:11:00,GLAPHA,1002.5,1005.0,1001.0,1002.53,29531,
2012-11-02 12:11:00,GLAPHA,1002.75,1006.5,996.0,999.1,43531,
2012-11-05 12:11:00,GLAPHA,999.1,1004.83,987.5,999.48,39082,
2012-11-06 12:11:00,GLAPHA,1004.5,1006.3,993.05,1000.73,5074,
2012-11-07 12:11:00,GLAPHA,998.0,1002.5,995.5,1000.0,13612,
2012-11-08 12:11:00,GLAPHA,1000.0,1003.5,997.5,1002.33,15137,
2012-11-09 12:11:00,GLAPHA,1000.0,1012.45,988.78,1002.75,16252,
2012-11-12 12:11:00,GLAPHA,998.0,1007.75,994.98,1005.45,58470,
2012-11-13 12:11:00,GLAPHA,1012.5,1012.5,995.5,999.53,1512,
2012-11-15 12:11:00,GLAPHA,995.53,1002.45,990.0,992.58,41958,
2012-11-16 12:11:00,GLAPHA,993.0,1002.45,993.0,998.6,7227,
2012-11-19 12:11:00,GLAPHA,1002.48,1002.48,995.0,998.1,7414,
2012-11-20 12:11:00,GLAPHA,997.5,1000.95,995.0,999.78,32699,
2012-11-21 12:11:00,GLAPHA,995.15,1002.5,995.08,1000.3,6041,
2012-11-22 12:11:00,GLAPHA,1001.48,1010.5,1000.0,1008.1,28897,
2012-11-23 12:11:00,GLAPHA,1004.48,1004.5,990.03,1001.13,111717,
2012-11-26 12:11:00,GLAPHA,1025.18,1141.3,1020.5,1024.9,98738,
2012-11-27 12:11:00,GLAPHA,1037.5,1045.0,1023.38,1025.1,59189,
2012-11-29 12:11:00,GLAPHA,1027.53,1055.0,1025.63,1027.98,37406,
2012-11-30 12:11:00,GLAPHA,1040.0,1044.98,1022.5,1025.05,11872,
2012-12-03 12:12:00,GLAPHA,1012.5,1029.8,1003.65,1010.95,18330,
2012-12-04 12:12:00,GLAPHA,1012.5,1024.95,1005.53,1020.68,10659,
2012-12-05 12:12:00,GLAPHA,1022.5,1035.0,1017.8,1025.48,40658,
2012-12-06 12:12:00,GLAPHA,1028.9,1029.28,1018.58,1025.48,5965,
2012-12-07 12:12:00,GLAPHA,1016.5,1039.5,1013.13,1025.03,48405,
2012-12-10 12:12:00,GLAPHA,1029.93,1034.0,1022.5,1025.08,51210,
2012-12-11 12:12:00,GLAPHA,1025.1,1032.5,1022.53,1025.18,70972,
2012-12-12 12:12:00,GLAPHA,1028.95,1045.0,1019.5,1025.08,21592,
2012-12-13 12:12:00,GLAPHA,1023.95,1048.5,1020.58,1037.28,439582,
2012-12-14 12:12:00,GLAPHA,1035.08,1046.5,1028.15,1032.8,58384,
2012-12-17 12:12:00,GLAPHA,1034.83,1039.98,1031.03,1034.9,36359,
2012-12-18 12:12:00,GLAPHA,1034.98,1042.5,1031.58,1034.98,27970,
2012-12-19 12:12:00,GLAPHA,1035.5,1037.5,1028.25,1035.13,5659,
2012-12-20 12:12:00,GLAPHA,1045.0,1047.5,1034.0,1043.8,44281,
2012-12-21 12:12:00,GLAPHA,1044.0,1045.0,1034.0,1039.2,11257,
2012-12-24 12:12:00,GLAPHA,1039.48,1044.45,1034.23,1041.13,10645,
2012-12-26 12:12:00,GLAPHA,1042.5,1045.0,1037.15,1042.85,22274,
2012-12-27 12:12:00,GLAPHA,1043.5,1062.5,1043.5,1056.63,38599,
2012-12-28 12:12:00,GLAPHA,1060.0,1064.5,1056.0,1059.63,28484,
2012-12-31 12:12:00,GLAPHA,1062.5,1109.5,1052.0,1084.03,31535,
2013-01-01 12:01:00,GLAPHA,1087.0,1092.75,1071.15,1072.85,4894,
2013-01-02 12:01:00,GLAPHA,1075.0,1080.0,1061.0,1070.08,13909,
2013-01-03 12:01:00,GLAPHA,1082.13,1082.5,1069.0,1072.03,7555,
2013-01-04 12:01:00,GLAPHA,1072.5,1087.48,1066.0,1080.03,7053,
2013-01-07 12:01:00,GLAPHA,1085.0,1097.53,1076.1,1090.8,8806,
2013-01-08 12:01:00,GLAPHA,1087.48,1102.5,1085.15,1093.3,26969,
2013-01-09 12:01:00,GLAPHA,1093.65,1097.5,1091.0,1095.03,35356,
2013-01-10 12:01:00,GLAPHA,1093.85,1109.0,1084.08,1095.13,50443,
2013-01-11 12:01:00,GLAPHA,1098.33,1099.0,1087.75,1095.23,6388,
2013-01-14 12:01:00,GLAPHA,1089.0,1100.0,1086.1,1094.48,35903,
2013-01-15 12:01:00,GLAPHA,1091.53,1109.4,1085.0,1100.45,44520,
2013-01-16 12:01:00,GLAPHA,1102.0,1109.9,1095.0,1099.25,5566,
2013-01-17 12:01:00,GLAPHA,1096.53,1104.0,1089.03,1101.53,3138,
2013-01-18 12:01:00,GLAPHA,1100.0,1103.7,1090.0,1093.85,4637,
2013-01-21 12:01:00,GLAPHA,1093.98,1097.5,1082.5,1086.98,9415,
2013-01-22 12:01:00,GLAPHA,1087.5,1089.98,1070.03,1074.4,14738,
2013-01-23 12:01:00,GLAPHA,1084.95,1084.95,1049.0,1051.13,4373,
2013-01-24 12:01:00,GLAPHA,1058.9,1058.9,1020.05,1027.9,5195,
2013-01-25 12:01:00,GLAPHA,1020.03,1042.5,1002.5,1027.05,176542,
2013-01-28 12:01:00,GLAPHA,1027.7,1042.0,1015.13,1021.55,3462,
2013-01-29 12:01:00,GLAPHA,1027.45,1041.48,1020.0,1025.83,6039,
2013-01-30 12:01:00,GLAPHA,1025.98,1040.8,1025.05,1026.45,4004,
2013-01-31 12:01:00,GLAPHA,1025.5,1033.5,1010.78,1024.4,6959,
2013-02-01 12:02:00,GLAPHA,1015.53,1032.5,1007.58,1021.75,5690,
2013-02-04 12:02:00,GLAPHA,1024.5,1047.5,1015.0,1018.5,4539,
2013-02-05 12:02:00,GLAPHA,1025.0,1068.0,1013.0,1039.6,14099,
2013-02-06 12:02:00,GLAPHA,1038.33,1043.65,1026.6,1035.1,6634,
2013-02-07 12:02:00,GLAPHA,1040.0,1043.0,1026.4,1039.55,29032,
2013-02-08 12:02:00,GLAPHA,1041.9,1062.5,1029.0,1049.45,108370,
2013-02-11 12:02:00,GLAPHA,1047.63,1056.93,1035.0,1038.68,4755,
2013-02-12 12:02:00,GLAPHA,1046.0,1049.38,1025.03,1047.1,3798,
2013-02-13 12:02:00,GLAPHA,1044.98,1055.0,1040.5,1049.15,2741,
2013-02-14 12:02:00,GLAPHA,1044.08,1051.5,1038.13,1048.35,2771,
2013-02-15 12:02:00,GLAPHA,1040.18,1065.15,1040.18,1048.48,9027,
2013-02-18 12:02:00,GLAPHA,1037.5,1057.5,1037.5,1048.55,2946,
2013-02-19 12:02:00,GLAPHA,1057.5,1070.0,1037.53,1053.3,9027,
2013-02-20 12:02:00,GLAPHA,1062.5,1065.0,1050.0,1059.53,5704,
2013-02-21 12:02:00,GLAPHA,1050.75,1059.5,1045.05,1049.8,11497,
2013-02-22 12:02:00,GLAPHA,1052.5,1071.98,1043.5,1049.83,6886,
2013-02-25 12:02:00,GLAPHA,1052.5,1059.0,1049.98,1050.88,7983,
2013-02-26 12:02:00,GLAPHA,1049.5,1052.5,1045.0,1048.98,20821,
2013-02-27 12:02:00,GLAPHA,1045.0,1051.4,1040.68,1048.93,15598,
2013-02-28 12:02:00,GLAPHA,1052.5,1059.95,1048.53,1055.48,8432,
2013-03-01 12:03:00,GLAPHA,1056.98,1057.0,1045.5,1049.45,2687,
2013-03-04 12:03:00,GLAPHA,1037.5,1057.5,1037.5,1049.8,25953,
2013-03-05 12:03:00,GLAPHA,1049.5,1058.5,1047.53,1055.6,9322,
2013-03-06 12:03:00,GLAPHA,1057.5,1062.5,1049.5,1055.5,43411,
2013-03-07 12:03:00,GLAPHA,1055.48,1059.98,1051.15,1055.03,5322,
2013-03-08 12:03:00,GLAPHA,1055.0,1064.98,1051.53,1058.0,27173,
2013-03-11 12:03:00,GLAPHA,1056.85,1070.0,1056.85,1063.23,132770,
2013-03-12 12:03:00,GLAPHA,1067.48,1069.03,1061.0,1067.2,33311,
2013-03-13 12:03:00,GLAPHA,1067.48,1070.0,1056.1,1066.63,57715,
2013-03-14 12:03:00,GLAPHA,1058.53,1072.0,1057.5,1058.78,3418,
2013-03-15 12:03:00,GLAPHA,1060.0,1070.0,1055.0,1059.88,43362,
2013-03-18 12:03:00,GLAPHA,1060.0,1089.5,1055.0,1080.2,10388,
2013-03-19 12:03:00,GLAPHA,1074.03,1087.5,1074.0,1075.4,8389,
2013-03-20 12:03:00,GLAPHA,1075.53,1080.0,1072.5,1075.68,27682,
2013-03-21 12:03:00,GLAPHA,1075.98,1083.4,1067.68,1080.3,13108,
2013-03-22 12:03:00,GLAPHA,1087.5,1087.5,1074.03,1084.58,33968,
2013-03-25 12:03:00,GLAPHA,1084.48,1092.5,1075.5,1084.3,85954,
2013-03-26 12:03:00,GLAPHA,1082.48,1105.0,1075.5,1094.93,5352,
2013-03-28 12:03:00,GLAPHA,1094.9,1124.5,1082.48,1102.63,15114,
2013-04-01 12:04:00,GLAPHA,1102.5,1119.98,1102.5,1111.0,4493,
2013-04-02 12:04:00,GLAPHA,1115.0,1119.98,1108.13,1114.95,3305,
2013-04-03 12:04:00,GLAPHA,1117.53,1149.0,1113.18,1134.28,26199,
2013-04-04 12:04:00,GLAPHA,1120.5,1124.48,1095.0,1100.48,12137,
2013-04-05 12:04:00,GLAPHA,1107.5,1107.5,1090.75,1100.83,3684,
2013-04-08 12:04:00,GLAPHA,1100.0,1112.0,1099.0,1100.05,4306,
2013-04-09 12:04:00,GLAPHA,1100.0,1106.98,1098.5,1100.25,3903,
2013-04-10 12:04:00,GLAPHA,1100.05,1112.5,1097.5,1108.78,43530,
2013-04-11 12:04:00,GLAPHA,1112.1,1125.0,1098.0,1102.2,4597,
2013-04-12 12:04:00,GLAPHA,1102.53,1107.5,1100.0,1100.8,3978,
2013-04-15 12:04:00,GLAPHA,1100.0,1106.98,1100.0,1102.4,52342,
2013-04-16 12:04:00,GLAPHA,1097.5,1106.5,1095.0,1100.05,17960,
2013-04-17 12:04:00,GLAPHA,1100.13,1120.93,1100.0,1112.58,7975,
2013-04-18 12:04:00,GLAPHA,1112.48,1112.48,1099.5,1102.45,14085,
2013-04-22 12:04:00,GLAPHA,1111.5,1111.5,1100.5,1103.53,5967,
2013-04-23 12:04:00,GLAPHA,1100.0,1106.0,1100.0,1102.08,13826,
2013-04-25 12:04:00,GLAPHA,1102.03,1104.98,1101.0,1101.68,17933,
2013-04-26 12:04:00,GLAPHA,1102.03,1106.98,1100.5,1102.03,4594,
2013-04-29 12:04:00,GLAPHA,1102.0,1120.0,1100.55,1108.33,9354,
2013-04-30 12:04:00,GLAPHA,1109.0,1142.5,1108.98,1131.15,24942,
2013-05-02 12:05:00,GLAPHA,1131.0,1142.5,1122.53,1134.88,24829,
2013-05-03 12:05:00,GLAPHA,1135.5,1147.3,1111.0,1139.45,14298,
2013-05-06 12:05:00,GLAPHA,1135.38,1163.98,1135.25,1154.83,12451,
2013-05-07 12:05:00,GLAPHA,1161.0,1261.0,1157.0,1199.03,157430,
2013-05-08 12:05:00,GLAPHA,1232.0,1232.0,1165.0,1172.35,81636,
2013-05-09 12:05:00,GLAPHA,1179.5,1184.93,1150.5,1155.08,17722,
2013-05-10 12:05:00,GLAPHA,1157.5,1184.0,1151.13,1161.68,12267,
2013-05-11 12:05:00,GLAPHA,1148.0,1167.48,1148.0,1151.65,910,
2013-05-13 12:05:00,GLAPHA,1145.5,1185.0,1145.5,1161.2,19470,
2013-05-14 12:05:00,GLAPHA,1179.4,1179.4,1149.3,1164.35,13503,
2013-05-15 12:05:00,GLAPHA,1152.5,1179.23,1145.0,1151.98,44164,
2013-05-16 12:05:00,GLAPHA,1150.0,1174.23,1130.0,1135.55,55120,
2013-05-17 12:05:00,GLAPHA,1122.0,1170.53,1121.95,1158.73,13829,
2013-05-20 12:05:00,GLAPHA,1150.5,1168.33,1138.65,1141.28,7184,
2013-05-21 12:05:00,GLAPHA,1140.0,1154.5,1131.25,1139.35,4072,
2013-05-22 12:05:00,GLAPHA,1146.5,1162.23,1140.0,1143.93,13218,
2013-05-23 12:05:00,GLAPHA,1158.95,1158.95,1122.05,1141.18,6798,
2013-05-24 12:05:00,GLAPHA,1133.5,1145.98,1129.98,1136.75,2139,
2013-05-27 12:05:00,GLAPHA,1130.0,1141.2,1130.0,1136.05,4274,
2013-05-28 12:05:00,GLAPHA,1131.95,1152.5,1121.0,1133.03,6956,
2013-05-29 12:05:00,GLAPHA,1125.5,1157.23,1123.78,1136.38,7449,
2013-05-30 12:05:00,GLAPHA,1125.05,1155.0,1125.05,1146.5,32713,
2013-05-31 12:05:00,GLAPHA,1150.0,1275.0,1141.18,1249.03,147027,
2013-06-03 12:06:00,GLAPHA,1277.63,1449.0,1277.63,1333.08,268158,
2013-06-04 12:06:00,GLAPHA,1335.5,1405.0,1335.5,1378.95,111663,
2013-06-05 12:06:00,GLAPHA,1369.98,1369.98,1322.65,1341.73,36104,
2013-06-06 12:06:00,GLAPHA,1345.0,1368.9,1325.0,1353.08,25811,
2013-06-07 12:06:00,GLAPHA,1335.0,1366.1,1310.0,1318.88,21172,
2013-06-10 12:06:00,GLAPHA,1320.0,1330.5,1245.0,1257.23,32589,
2013-06-11 12:06:00,GLAPHA,1269.95,1270.03,1197.55,1212.33,30337,
2013-06-12 12:06:00,GLAPHA,1195.5,1271.98,1189.0,1253.2,49630,
2013-06-13 12:06:00,GLAPHA,1247.0,1267.5,1227.5,1235.25,15584,
2013-06-14 12:06:00,GLAPHA,1248.95,1257.25,1200.5,1217.13,22099,
2013-06-17 12:06:00,GLAPHA,1217.5,1247.73,1217.35,1224.83,13038,
2013-06-18 12:06:00,GLAPHA,1225.0,1237.5,1210.5,1219.93,8079,
2013-06-19 12:06:00,GLAPHA,1216.0,1262.0,1212.03,1233.95,23872,
2013-06-20 12:06:00,GLAPHA,1226.5,1259.95,1212.68,1252.88,20753,
2013-06-21 12:06:00,GLAPHA,1253.5,1257.48,1216.0,1242.38,29744,
2013-06-24 12:06:00,GLAPHA,1230.0,1245.0,1206.2,1212.45,10408,
2013-06-25 12:06:00,GLAPHA,1205.0,1227.0,1190.05,1198.2,28860,
2013-06-26 12:06:00,GLAPHA,1191.68,1196.08,1132.5,1165.4,16873,
2013-06-27 12:06:00,GLAPHA,1177.5,1226.95,1152.5,1164.85,11232,
2013-06-28 12:06:00,GLAPHA,1187.4,1187.4,1151.0,1167.2,31013,
2013-07-01 12:07:00,GLAPHA,1167.5,1279.93,1167.5,1238.45,32738,
2013-07-02 12:07:00,GLAPHA,1225.03,1259.5,1225.0,1239.6,8259,
2013-07-03 12:07:00,GLAPHA,1240.0,1344.5,1240.0,1309.4,115943,
2013-07-04 12:07:00,GLAPHA,1307.38,1339.9,1300.0,1309.98,32029,
2013-07-05 12:07:00,GLAPHA,1309.98,1325.5,1272.55,1275.85,19419,
2013-07-08 12:07:00,GLAPHA,1279.0,1287.48,1255.0,1265.05,10019,
2013-07-09 12:07:00,GLAPHA,1267.0,1285.0,1252.13,1256.88,5330,
2013-07-10 12:07:00,GLAPHA,1262.0,1274.4,1242.5,1247.4,4065,
2013-07-11 12:07:00,GLAPHA,1250.0,1264.5,1234.0,1240.1,5633,
2013-07-12 12:07:00,GLAPHA,1230.5,1303.5,1226.53,1276.78,41784,
2013-07-15 12:07:00,GLAPHA,1266.0,1300.0,1266.0,1289.9,14259,
2013-07-16 12:07:00,GLAPHA,1289.98,1321.95,1280.0,1300.5,21935,
2013-07-17 12:07:00,GLAPHA,1312.0,1318.0,1274.75,1287.83,12934,
2013-07-18 12:07:00,GLAPHA,1276.0,1294.03,1260.0,1272.38,7292,
2013-07-19 12:07:00,GLAPHA,1272.5,1305.0,1260.0,1263.55,8277,
2013-07-22 12:07:00,GLAPHA,1275.25,1282.48,1241.55,1247.25,4761,
2013-07-23 12:07:00,GLAPHA,1250.03,1274.95,1238.03,1241.15,6989,
2013-07-24 12:07:00,GLAPHA,1231.0,1249.9,1211.05,1224.98,6929,
2013-07-25 12:07:00,GLAPHA,1248.25,1248.25,1210.0,1218.13,8163,
2013-07-26 12:07:00,GLAPHA,1225.5,1235.0,1213.0,1226.93,10490,
2013-07-29 12:07:00,GLAPHA,1226.93,1238.0,1207.43,1224.83,7089,
2013-07-30 12:07:00,GLAPHA,1217.68,1228.9,1177.5,1187.4,4799,
2013-07-31 12:07:00,GLAPHA,1180.03,1197.5,1150.65,1184.08,6558,
2013-08-01 12:08:00,GLAPHA,1184.13,1212.0,1162.8,1174.28,6746,
2013-08-02 12:08:00,GLAPHA,1173.58,1177.85,1121.2,1141.43,12186,
2013-08-05 12:08:00,GLAPHA,1149.0,1160.0,1126.0,1130.75,5297,
2013-08-06 12:08:00,GLAPHA,1106.15,1217.7,1091.0,1160.23,21152,
2013-08-07 12:08:00,GLAPHA,1153.0,1207.48,1150.5,1201.13,13891,
2013-08-08 12:08:00,GLAPHA,1178.5,1178.5,1151.0,1165.93,15213,
2013-08-12 12:08:00,GLAPHA,1166.0,1173.98,1138.0,1142.58,5172,
2013-08-13 12:08:00,GLAPHA,1135.58,1161.95,1135.03,1138.9,3421,
2013-08-14 12:08:00,GLAPHA,1140.0,1160.98,1137.53,1145.88,4338,
2013-08-16 12:08:00,GLAPHA,1137.5,1142.5,1125.5,1132.5,2804,
2013-08-19 12:08:00,GLAPHA,1125.0,1175.0,1113.0,1124.53,7981,
2013-08-20 12:08:00,GLAPHA,1125.7,1157.18,1095.0,1118.83,18997,
2013-08-21 12:08:00,GLAPHA,1127.0,1141.9,1113.18,1123.33,4152,
2013-08-22 12:08:00,GLAPHA,1114.0,1150.0,1103.0,1137.4,197658,
2013-08-23 12:08:00,GLAPHA,1147.5,1147.5,1119.03,1144.6,2802,
2013-08-26 12:08:00,GLAPHA,1135.5,1162.5,1135.5,1155.75,3206,
2013-08-27 12:08:00,GLAPHA,1172.0,1172.0,1119.5,1128.33,7581,
2013-08-28 12:08:00,GLAPHA,1111.0,1140.0,1080.0,1131.63,80503,
2013-08-29 12:08:00,GLAPHA,1124.5,1150.0,1124.5,1146.73,6835,
2013-08-30 12:08:00,GLAPHA,1142.5,1211.7,1141.0,1175.45,13748,
2013-09-02 12:09:00,GLAPHA,1161.58,1199.48,1161.58,1174.93,4526,
2013-09-03 12:09:00,GLAPHA,1166.53,1189.1,1135.0,1145.2,6217,
2013-09-04 12:09:00,GLAPHA,1140.43,1160.0,1130.0,1134.4,10907,
2013-09-05 12:09:00,GLAPHA,1144.5,1149.48,1119.98,1126.93,6102,
2013-09-06 12:09:00,GLAPHA,1134.0,1141.98,1125.0,1129.4,6072,
2013-09-10 12:09:00,GLAPHA,1133.4,1173.4,1133.4,1161.25,7963,
2013-09-11 12:09:00,GLAPHA,1156.0,1217.5,1155.5,1207.55,17612,
2013-09-12 12:09:00,GLAPHA,1200.0,1237.0,1190.0,1201.2,14082,
2013-09-13 12:09:00,GLAPHA,1190.5,1201.0,1176.0,1179.4,2701,
2013-09-16 12:09:00,GLAPHA,1192.23,1192.5,1156.5,1176.45,8118,
2013-09-17 12:09:00,GLAPHA,1171.93,1182.48,1163.0,1175.08,18182,
2013-09-18 12:09:00,GLAPHA,1178.6,1188.95,1170.0,1174.73,29347,
2013-09-19 12:09:00,GLAPHA,1184.03,1189.28,1172.05,1175.08,5592,
2013-09-20 12:09:00,GLAPHA,1172.6,1245.0,1172.6,1232.8,31263,
2013-09-23 12:09:00,GLAPHA,1231.75,1246.38,1189.43,1196.68,7124,
2013-09-24 12:09:00,GLAPHA,1189.0,1209.5,1189.0,1201.15,7649,
2013-09-25 12:09:00,GLAPHA,1195.0,1219.48,1195.0,1215.03,25915,
2013-09-26 12:09:00,GLAPHA,1215.0,1234.93,1204.98,1216.1,10975,
2013-09-27 12:09:00,GLAPHA,1217.5,1229.0,1212.53,1219.0,12111,
2013-09-30 12:09:00,GLAPHA,1216.5,1250.0,1212.55,1234.03,22475,
2013-10-01 12:10:00,GLAPHA,1234.0,1243.98,1217.53,1237.55,22269,
2013-10-03 12:10:00,GLAPHA,1243.5,1247.43,1227.5,1236.65,7140,
2013-10-04 12:10:00,GLAPHA,1236.63,1244.5,1235.0,1237.5,6282,
2013-10-07 12:10:00,GLAPHA,1242.5,1254.0,1237.0,1246.98,7401,
2013-10-08 12:10:00,GLAPHA,1237.53,1246.5,1225.03,1240.38,37317,
2013-10-09 12:10:00,GLAPHA,1235.0,1247.5,1235.0,1243.13,13895,
2013-10-10 12:10:00,GLAPHA,1242.95,1254.95,1238.05,1244.93,14661,
2013-10-11 12:10:00,GLAPHA,1249.3,1250.0,1237.5,1240.1,29265,
2013-10-14 12:10:00,GLAPHA,1240.0,1246.28,1225.6,1239.73,26231,
2013-10-15 12:10:00,GLAPHA,1240.0,1242.0,1232.6,1239.48,17143,
2013-10-17 12:10:00,GLAPHA,1232.5,1245.5,1232.5,1240.5,34141,
2013-10-18 12:10:00,GLAPHA,1245.0,1260.0,1230.0,1239.7,22720,
2013-10-21 12:10:00,GLAPHA,1237.55,1242.0,1234.98,1239.83,7431,
2013-10-22 12:10:00,GLAPHA,1238.95,1252.5,1235.68,1240.03,6684,
2013-10-23 12:10:00,GLAPHA,1249.68,1249.68,1237.5,1239.95,4272,
2013-10-24 12:10:00,GLAPHA,1236.03,1244.5,1200.5,1209.63,72823,
2013-10-25 12:10:00,GLAPHA,1201.0,1221.98,1201.0,1209.83,20662,
2013-10-28 12:10:00,GLAPHA,1187.5,1216.5,1187.5,1209.73,6803,
2013-10-29 12:10:00,GLAPHA,1210.0,1222.48,1210.0,1217.43,1481,
2013-10-30 12:10:00,GLAPHA,1211.88,1231.2,1211.85,1217.58,8564,
2013-10-31 12:10:00,GLAPHA,1212.0,1220.83,1210.75,1215.68,5067,
2013-11-01 12:11:00,GLAPHA,1230.0,1246.95,1217.63,1240.73,24346,
2013-11-03 12:11:00,GLAPHA,1235.0,1257.5,1227.5,1230.78,1365,
2013-11-05 12:11:00,GLAPHA,1215.53,1249.45,1215.53,1241.2,6370,
2013-11-06 12:11:00,GLAPHA,1226.13,1257.5,1226.13,1250.55,6610,
2013-11-07 12:11:00,GLAPHA,1251.88,1251.88,1232.5,1244.95,4125,
2013-11-08 12:11:00,GLAPHA,1238.5,1249.0,1234.53,1243.9,5125,
2013-11-11 12:11:00,GLAPHA,1250.0,1250.43,1208.5,1237.15,37213,
2013-11-12 12:11:00,GLAPHA,1217.53,1243.1,1217.53,1235.03,12750,
2013-11-13 12:11:00,GLAPHA,1225.0,1243.68,1190.5,1205.1,16008,
2013-11-14 12:11:00,GLAPHA,1209.5,1220.9,1199.95,1205.15,11891,
2013-11-18 12:11:00,GLAPHA,1200.5,1213.5,1200.5,1208.1,20000,
2013-11-19 12:11:00,GLAPHA,1200.5,1219.5,1200.5,1210.03,11693,
2013-11-20 12:11:00,GLAPHA,1212.5,1215.35,1203.0,1207.0,84570,
2013-11-21 12:11:00,GLAPHA,1202.5,1210.3,1200.53,1202.9,96337,
2013-11-22 12:11:00,GLAPHA,1200.55,1210.05,1199.58,1202.98,8160,
2013-11-25 12:11:00,GLAPHA,1199.93,1208.5,1199.7,1202.75,19811,
2013-11-26 12:11:00,GLAPHA,1212.48,1212.48,1192.5,1198.18,14318,
2013-11-27 12:11:00,GLAPHA,1199.25,1199.25,1191.63,1195.03,5339,
2013-11-28 12:11:00,GLAPHA,1188.5,1204.5,1188.5,1194.98,14319,
2013-11-29 12:11:00,GLAPHA,1190.33,1256.5,1190.33,1247.85,40853,
2013-12-02 12:12:00,GLAPHA,1247.5,1312.0,1241.5,1261.63,45981,
2013-12-03 12:12:00,GLAPHA,1256.25,1318.98,1256.25,1297.18,33640,
2013-12-04 12:12:00,GLAPHA,1287.0,1309.83,1277.6,1286.2,22349,
2013-12-05 12:12:00,GLAPHA,1300.0,1300.0,1248.5,1278.88,125386,
2013-12-06 12:12:00,GLAPHA,1269.78,1270.0,1246.33,1261.3,81525,
2013-12-09 12:12:00,GLAPHA,1267.5,1298.43,1250.0,1255.4,16335,
2013-12-10 12:12:00,GLAPHA,1255.0,1255.0,1237.5,1244.6,8080,
2013-12-11 12:12:00,GLAPHA,1235.53,1243.93,1230.03,1234.83,10087,
2013-12-12 12:12:00,GLAPHA,1225.5,1236.0,1212.5,1216.08,13809,
2013-12-13 12:12:00,GLAPHA,1222.5,1254.0,1216.53,1230.08,299270,
2013-12-16 12:12:00,GLAPHA,1476.08,1476.08,1450.03,1462.8,555539,
2013-12-17 12:12:00,GLAPHA,1475.5,1482.0,1465.78,1474.78,175858,
2013-12-18 12:12:00,GLAPHA,1474.5,1475.0,1470.88,1471.58,50963,
2013-12-19 12:12:00,GLAPHA,1470.0,1474.0,1467.75,1468.63,50499,
2013-12-20 12:12:00,GLAPHA,1467.75,1470.0,1463.05,1465.38,86875,
2013-12-23 12:12:00,GLAPHA,1466.9,1471.0,1465.5,1468.3,26371,
2013-12-24 12:12:00,GLAPHA,1469.83,1477.5,1466.4,1475.98,24293,
2013-12-26 12:12:00,GLAPHA,1475.03,1483.35,1475.0,1477.3,41501,
2013-12-27 12:12:00,GLAPHA,1480.0,1480.35,1476.03,1479.05,67383,
2013-12-30 12:12:00,GLAPHA,1480.0,1493.0,1479.08,1487.63,76963,
2013-12-31 12:12:00,GLAPHA,1487.63,1501.0,1487.63,1499.15,50516,
2014-01-01 12:01:00,GLAPHA,1500.73,1502.5,1485.0,1495.23,11285,
2014-01-02 12:01:00,GLAPHA,1494.55,1500.0,1489.0,1493.03,13158,
2014-01-03 12:01:00,GLAPHA,1490.3,1496.05,1490.3,1493.08,6421,
2014-01-06 12:01:00,GLAPHA,1493.0,1497.45,1491.8,1492.53,24304,
2014-01-07 12:01:00,GLAPHA,1494.08,1494.08,1488.2,1489.53,85922,
2014-01-08 12:01:00,GLAPHA,1488.2,1491.08,1486.55,1487.1,23178,
2014-01-10 12:01:00,GLAPHA,1482.48,1490.73,1481.0,1482.58,217962,
2014-01-13 12:01:00,GLAPHA,1485.0,1494.45,1482.55,1492.35,123548,
2014-01-14 12:01:00,GLAPHA,1493.5,1495.0,1488.0,1489.08,97631,
2014-01-15 12:01:00,GLAPHA,1490.63,1493.98,1487.05,1489.03,49526,
2014-01-16 12:01:00,GLAPHA,1487.5,1489.98,1484.55,1485.65,366476,
2014-01-17 12:01:00,GLAPHA,1485.5,1489.85,1485.25,1488.63,15101,
2014-01-20 12:01:00,GLAPHA,1488.63,1490.5,1486.25,1488.95,69697,
2014-01-21 12:01:00,GLAPHA,1490.0,1490.25,1487.5,1488.93,54476,
2014-01-22 12:01:00,GLAPHA,1487.55,1491.0,1485.0,1487.35,204983,
2014-01-23 12:01:00,GLAPHA,1487.5,1489.7,1485.13,1489.15,34345,
2014-01-24 12:01:00,GLAPHA,1489.98,1494.95,1486.03,1491.53,26020,
2014-01-27 12:01:00,GLAPHA,1486.5,1491.5,1486.5,1488.7,43333,
2014-01-28 12:01:00,GLAPHA,1487.5,1492.33,1487.5,1489.35,28070,
2014-01-29 12:01:00,GLAPHA,1489.5,1490.0,1486.0,1486.83,31967,
2014-01-30 12:01:00,GLAPHA,1482.5,1491.5,1482.5,1489.18,39275,
2014-01-31 12:01:00,GLAPHA,1490.73,1495.5,1488.53,1492.05,19548,
2014-02-03 12:02:00,GLAPHA,1488.5,1497.5,1488.5,1493.18,62980,
2014-02-04 12:02:00,GLAPHA,1492.58,1495.03,1491.0,1492.43,75837,
2014-02-05 12:02:00,GLAPHA,1491.03,1493.0,1490.03,1491.3,143246,
2014-02-06 12:02:00,GLAPHA,1492.8,1492.8,1482.58,1484.95,95503,
2014-02-07 12:02:00,GLAPHA,1488.0,1490.0,1484.2,1486.0,249182,
2014-02-10 12:02:00,GLAPHA,1487.5,1493.8,1483.5,1490.95,105437,
2014-02-11 12:02:00,GLAPHA,1490.0,1493.0,1490.0,1491.43,137099,
2014-02-12 12:02:00,GLAPHA,1491.2,1492.5,1491.03,1491.5,85521,
2014-02-13 12:02:00,GLAPHA,1493.03,1506.45,1491.58,1501.85,61061,
2014-02-14 12:02:00,GLAPHA,1501.85,1506.0,1500.05,1504.33,19198,
2014-02-17 12:02:00,GLAPHA,1504.0,1508.85,1502.5,1506.7,37752,
2014-02-18 12:02:00,GLAPHA,1506.0,1510.75,1506.0,1508.8,80980,
2014-02-19 12:02:00,GLAPHA,1508.25,1510.48,1502.5,1504.63,58592,
2014-02-20 12:02:00,GLAPHA,1499.03,1510.0,1499.03,1508.73,75467,
2014-02-21 12:02:00,GLAPHA,1509.95,1517.0,1508.0,1514.03,66257,
2014-02-24 12:02:00,GLAPHA,1509.53,1517.45,1509.53,1515.45,27780,
2014-02-25 12:02:00,GLAPHA,1512.63,1519.0,1512.63,1518.25,29392,
2014-02-26 12:02:00,GLAPHA,1518.0,1524.48,1517.5,1522.88,112596,
2014-02-28 12:02:00,GLAPHA,1517.5,1524.5,1512.5,1522.58,186789,
2014-03-03 12:03:00,GLAPHA,1520.13,1527.25,1520.05,1526.53,203759,
2014-03-04 12:03:00,GLAPHA,1523.5,1523.5,1446.03,1483.23,47682,
2014-03-05 12:03:00,GLAPHA,1465.0,1482.48,1360.5,1372.4,94828,
2014-03-06 12:03:00,GLAPHA,1350.0,1372.5,1325.5,1338.23,67173,
2014-03-07 12:03:00,GLAPHA,1337.5,1345.0,1317.5,1324.18,33544,
2014-03-10 12:03:00,GLAPHA,1316.0,1327.78,1245.2,1254.4,63861,
2014-03-11 12:03:00,GLAPHA,1245.0,1277.5,1216.0,1220.95,104380,
2014-03-12 12:03:00,GLAPHA,1225.0,1244.5,1217.48,1238.88,49820,
2014-03-13 12:03:00,GLAPHA,1213.15,1272.0,1213.15,1266.88,60304,
2014-03-14 12:03:00,GLAPHA,1267.5,1309.45,1267.5,1302.88,52837,
2014-03-18 12:03:00,GLAPHA,1302.88,1337.48,1300.58,1325.95,39859,
2014-03-19 12:03:00,GLAPHA,1337.5,1338.5,1319.5,1325.25,450665,
2014-03-20 12:03:00,GLAPHA,1327.5,1331.93,1315.13,1318.75,175024,
2014-03-21 12:03:00,GLAPHA,1317.5,1318.0,1280.15,1284.45,35599,
2014-03-22 12:03:00,GLAPHA,1284.5,1305.0,1279.0,1298.2,1505,
2014-03-24 12:03:00,GLAPHA,1300.0,1300.0,1272.0,1276.45,17210,
2014-03-25 12:03:00,GLAPHA,1265.0,1284.45,1265.0,1275.08,26227,
2014-03-26 12:03:00,GLAPHA,1276.05,1285.0,1271.85,1275.08,29540,
2014-03-27 12:03:00,GLAPHA,1272.53,1296.5,1272.53,1286.5,20108,
2014-03-28 12:03:00,GLAPHA,1285.0,1298.48,1279.05,1294.38,9171,
2014-03-31 12:03:00,GLAPHA,1300.0,1310.0,1285.0,1286.6,20774,
2014-04-01 12:04:00,GLAPHA,1287.5,1302.53,1285.0,1290.45,16053,
2014-04-02 12:04:00,GLAPHA,1288.53,1309.98,1288.53,1294.98,38619,
2014-04-03 12:04:00,GLAPHA,1293.5,1293.5,1274.88,1285.55,9562,
2014-04-04 12:04:00,GLAPHA,1280.05,1297.5,1274.5,1281.43,22584,
2014-04-07 12:04:00,GLAPHA,1294.5,1294.5,1269.5,1274.28,8308,
2014-04-09 12:04:00,GLAPHA,1284.0,1290.0,1265.03,1272.63,9814,
2014-04-10 12:04:00,GLAPHA,1269.5,1282.48,1263.5,1267.48,6767,
2014-04-11 12:04:00,GLAPHA,1274.5,1274.5,1264.15,1268.2,7747,
2014-04-15 12:04:00,GLAPHA,1262.53,1274.0,1244.0,1250.48,10621,
2014-04-16 12:04:00,GLAPHA,1250.55,1265.0,1250.0,1251.93,5544,
2014-04-17 12:04:00,GLAPHA,1251.5,1274.0,1227.5,1245.78,25668,
2014-04-21 12:04:00,GLAPHA,1265.0,1267.5,1237.65,1244.63,20901,
2014-04-22 12:04:00,GLAPHA,1244.0,1273.98,1237.63,1241.18,16518,
2014-04-23 12:04:00,GLAPHA,1242.5,1264.0,1215.05,1228.55,15957,
2014-04-25 12:04:00,GLAPHA,1225.33,1243.85,1215.78,1221.0,10135,
2014-04-28 12:04:00,GLAPHA,1217.58,1224.7,1207.5,1209.5,10944,
2014-04-29 12:04:00,GLAPHA,1209.5,1216.5,1206.13,1215.23,6435,
2014-04-30 12:04:00,GLAPHA,1215.0,1249.5,1214.98,1233.15,38883,
2014-05-02 12:05:00,GLAPHA,1233.0,1244.48,1219.0,1224.7,16374,
2014-05-05 12:05:00,GLAPHA,1231.5,1231.5,1207.5,1210.33,9905,
2014-05-06 12:05:00,GLAPHA,1205.58,1217.5,1182.5,1190.28,17679,
2014-05-07 12:05:00,GLAPHA,1190.5,1206.0,1185.0,1188.23,5853,
2014-05-08 12:05:00,GLAPHA,1185.2,1222.35,1185.2,1201.48,8567,
2014-05-09 12:05:00,GLAPHA,1191.0,1208.5,1182.5,1193.48,12650,
2014-05-12 12:05:00,GLAPHA,1193.3,1202.53,1187.5,1191.6,17718,
2014-05-13 12:05:00,GLAPHA,1188.03,1221.43,1188.03,1217.78,18499,
2014-05-14 12:05:00,GLAPHA,1222.5,1225.0,1206.25,1218.88,9444,
2014-05-15 12:05:00,GLAPHA,1207.53,1232.5,1207.53,1229.73,10882,
2014-05-16 12:05:00,GLAPHA,1230.0,1255.5,1230.0,1250.63,30312,
2014-05-19 12:05:00,GLAPHA,1255.0,1262.5,1240.53,1252.03,22954,
2014-05-20 12:05:00,GLAPHA,1252.03,1265.23,1252.03,1262.5,17634,
2014-05-21 12:05:00,GLAPHA,1262.5,1279.0,1255.73,1274.78,5188,
2014-05-22 12:05:00,GLAPHA,1270.0,1286.0,1270.0,1278.1,9455,
2014-05-23 12:05:00,GLAPHA,1286.33,1286.95,1250.0,1258.05,7443,
2014-05-26 12:05:00,GLAPHA,1279.5,1279.95,1237.5,1242.23,9996,
2014-05-27 12:05:00,GLAPHA,1231.53,1255.68,1215.0,1226.5,4601,
2014-05-28 12:05:00,GLAPHA,1226.53,1242.5,1212.5,1214.3,6079,
2014-05-29 12:05:00,GLAPHA,1219.0,1234.0,1210.53,1226.63,4360,
2014-05-30 12:05:00,GLAPHA,1236.93,1236.93,1207.63,1217.38,4158,
2014-06-02 12:06:00,GLAPHA,1239.0,1244.0,1218.03,1230.83,4534,
2014-06-03 12:06:00,GLAPHA,1230.83,1237.5,1215.0,1224.7,3913,
2014-06-04 12:06:00,GLAPHA,1219.0,1239.0,1219.0,1223.13,6841,
2014-06-05 12:06:00,GLAPHA,1210.9,1239.0,1210.9,1228.15,7298,
2014-06-06 12:06:00,GLAPHA,1230.03,1250.5,1229.55,1245.4,10607,
2014-06-09 12:06:00,GLAPHA,1228.13,1250.5,1228.13,1237.68,10202,
2014-06-10 12:06:00,GLAPHA,1245.0,1262.63,1237.5,1247.43,8454,
2014-06-12 12:06:00,GLAPHA,1241.0,1274.5,1241.0,1257.35,15403,
2014-06-13 12:06:00,GLAPHA,1260.08,1271.5,1242.0,1244.13,6464,
2014-06-16 12:06:00,GLAPHA,1242.0,1257.0,1230.0,1239.28,4965,
2014-06-17 12:06:00,GLAPHA,1240.0,1256.0,1233.25,1238.93,3850,
2014-06-18 12:06:00,GLAPHA,1240.0,1247.9,1237.5,1238.53,3615,
2014-06-19 12:06:00,GLAPHA,1238.58,1245.0,1225.03,1231.28,14904,
2014-06-20 12:06:00,GLAPHA,1225.53,1245.0,1225.53,1238.95,5029,
2014-06-23 12:06:00,GLAPHA,1238.95,1250.0,1235.0,1242.65,6178,
2014-06-24 12:06:00,GLAPHA,1237.0,1252.33,1237.0,1243.38,5757,
2014-06-25 12:06:00,GLAPHA,1244.5,1249.15,1233.5,1236.88,2866,
2014-06-26 12:06:00,GLAPHA,1237.0,1244.5,1226.2,1231.95,6529,
2014-06-27 12:06:00,GLAPHA,1231.98,1247.5,1231.98,1245.35,3470,
2014-06-30 12:06:00,GLAPHA,1245.35,1264.9,1237.6,1250.8,7553,
2014-07-01 12:07:00,GLAPHA,1250.0,1262.5,1242.5,1249.85,4158,
2014-07-02 12:07:00,GLAPHA,1250.0,1272.53,1249.5,1266.73,10660,
2014-07-03 12:07:00,GLAPHA,1267.5,1287.5,1267.5,1275.98,33779,
2014-07-04 12:07:00,GLAPHA,1267.5,1287.53,1267.5,1274.55,72222,
2014-07-07 12:07:00,GLAPHA,1274.55,1282.53,1260.0,1275.73,7650,
2014-07-08 12:07:00,GLAPHA,1281.0,1281.0,1250.0,1254.28,6656,
2014-07-09 12:07:00,GLAPHA,1265.5,1265.5,1244.98,1254.25,4263,
2014-07-10 12:07:00,GLAPHA,1246.03,1257.95,1220.25,1240.75,12254,
2014-07-11 12:07:00,GLAPHA,1240.75,1256.25,1240.0,1250.2,11765,
2014-07-14 12:07:00,GLAPHA,1250.2,1250.2,1232.5,1244.1,3416,
2014-07-15 12:07:00,GLAPHA,1235.03,1254.95,1235.03,1253.35,9909,
2014-07-16 12:07:00,GLAPHA,1251.55,1262.5,1248.5,1249.98,1668,
2014-07-17 12:07:00,GLAPHA,1250.0,1255.0,1240.25,1252.63,2437,
2014-07-18 12:07:00,GLAPHA,1245.05,1250.3,1234.0,1245.63,4806,
2014-07-21 12:07:00,GLAPHA,1252.5,1252.5,1236.0,1243.83,4231,
2014-07-22 12:07:00,GLAPHA,1243.83,1249.55,1234.0,1236.38,7822,
2014-07-23 12:07:00,GLAPHA,1250.0,1250.0,1237.5,1243.6,3462,
2014-07-24 12:07:00,GLAPHA,1249.95,1249.95,1236.5,1241.13,3644,
2014-07-25 12:07:00,GLAPHA,1241.13,1247.5,1236.5,1241.15,4083,
2014-07-28 12:07:00,GLAPHA,1249.0,1249.0,1238.08,1245.73,4588,
2014-07-30 12:07:00,GLAPHA,1243.15,1247.5,1242.5,1246.38,3448,
2014-07-31 12:07:00,GLAPHA,1246.5,1250.0,1238.08,1247.78,3328,
2014-08-01 12:08:00,GLAPHA,1240.03,1246.0,1237.0,1241.35,3270,
2014-08-04 12:08:00,GLAPHA,1245.9,1245.9,1225.0,1240.45,4368,
2014-08-05 12:08:00,GLAPHA,1240.45,1247.4,1235.0,1244.48,3559,
2014-08-06 12:08:00,GLAPHA,1240.0,1247.0,1237.75,1245.93,3806,
2014-08-07 12:08:00,GLAPHA,1246.05,1262.53,1241.03,1253.05,5649,
2014-08-08 12:08:00,GLAPHA,1257.45,1257.45,1246.0,1250.3,5645,
2014-08-11 12:08:00,GLAPHA,1255.0,1257.45,1241.25,1248.7,3264,
2014-08-12 12:08:00,GLAPHA,1248.7,1265.0,1225.5,1259.35,19821,
2014-08-13 12:08:00,GLAPHA,1250.05,1259.13,1240.0,1247.13,7911,
2014-08-14 12:08:00,GLAPHA,1250.13,1250.4,1238.2,1245.88,4882,
2014-08-18 12:08:00,GLAPHA,1240.0,1254.23,1240.0,1244.65,3631,
2014-08-19 12:08:00,GLAPHA,1245.0,1250.0,1241.1,1246.03,3609,
2014-08-20 12:08:00,GLAPHA,1240.05,1265.0,1240.05,1252.58,12168,
2014-08-21 12:08:00,GLAPHA,1257.5,1261.03,1245.05,1250.85,6527,
2014-08-22 12:08:00,GLAPHA,1252.5,1264.0,1241.0,1244.33,5841,
2014-08-25 12:08:00,GLAPHA,1240.0,1253.48,1232.5,1239.98,9124,
2014-08-26 12:08:00,GLAPHA,1231.03,1245.0,1231.03,1240.5,5414,
2014-08-27 12:08:00,GLAPHA,1244.95,1250.0,1236.5,1248.7,5741,
2014-08-28 12:08:00,GLAPHA,1260.0,1262.5,1235.0,1244.33,10625,
2014-09-01 12:09:00,GLAPHA,1244.33,1256.5,1240.5,1246.98,7626,
2014-09-02 12:09:00,GLAPHA,1244.5,1255.5,1236.2,1249.98,9197,
2014-09-03 12:09:00,GLAPHA,1240.0,1258.98,1236.53,1247.1,13891,
2014-09-04 12:09:00,GLAPHA,1247.1,1247.1,1237.5,1244.33,7943,
2014-09-05 12:09:00,GLAPHA,1238.58,1254.95,1235.0,1251.6,19241,
2014-09-08 12:09:00,GLAPHA,1254.0,1286.0,1246.68,1268.83,31996,
2014-09-09 12:09:00,GLAPHA,1273.5,1282.5,1250.05,1260.9,24684,
2014-09-10 12:09:00,GLAPHA,1255.6,1267.5,1237.68,1254.5,15901,
2014-09-11 12:09:00,GLAPHA,1257.0,1262.5,1237.88,1256.13,17026,
2014-09-12 12:09:00,GLAPHA,1260.0,1265.0,1235.03,1252.3,24889,
2014-09-15 12:09:00,GLAPHA,1251.1,1280.0,1238.1,1262.33,56477,
2014-09-16 12:09:00,GLAPHA,1260.6,1268.0,1243.98,1248.55,183027,
2014-09-17 12:09:00,GLAPHA,1255.6,1258.0,1237.5,1252.05,33789,
2014-09-18 12:09:00,GLAPHA,1247.35,1257.5,1241.6,1255.15,33639,
2014-09-19 12:09:00,GLAPHA,1255.5,1257.83,1245.0,1250.43,51074,
2014-09-22 12:09:00,GLAPHA,1243.23,1258.5,1243.23,1255.38,9773,
2014-09-23 12:09:00,GLAPHA,1255.38,1305.0,1255.25,1269.95,49034,
2014-09-24 12:09:00,GLAPHA,1280.0,1342.5,1275.53,1332.55,89703,
2014-09-25 12:09:00,GLAPHA,1344.0,1350.0,1316.5,1342.75,36217,
2014-09-26 12:09:00,GLAPHA,1339.8,1366.53,1321.85,1352.65,26529,
2014-09-29 12:09:00,GLAPHA,1360.0,1385.0,1347.5,1382.03,27239,
2014-09-30 12:09:00,GLAPHA,1375.58,1421.0,1375.58,1413.38,26056,
2014-10-01 12:10:00,GLAPHA,1413.0,1429.33,1390.85,1401.55,18931,
2014-10-07 12:10:00,GLAPHA,1395.0,1456.98,1377.53,1443.45,40368,
2014-10-08 12:10:00,GLAPHA,1450.0,1450.0,1395.1,1403.8,15122,
2014-10-09 12:10:00,GLAPHA,1409.5,1409.5,1380.03,1387.93,12224,
2014-10-10 12:10:00,GLAPHA,1387.18,1414.75,1350.58,1359.4,14342,
2014-10-13 12:10:00,GLAPHA,1359.0,1384.5,1352.18,1369.95,8371,
2014-10-14 12:10:00,GLAPHA,1370.5,1379.5,1355.0,1372.15,10578,
2014-10-16 12:10:00,GLAPHA,1357.0,1370.0,1336.03,1343.93,8639,
2014-10-17 12:10:00,GLAPHA,1336.03,1374.4,1322.5,1351.13,6487,
2014-10-20 12:10:00,GLAPHA,1350.0,1374.4,1340.0,1353.6,5344,
2014-10-21 12:10:00,GLAPHA,1349.0,1371.78,1344.98,1358.23,4948,
2014-10-22 12:10:00,GLAPHA,1364.2,1364.2,1343.83,1354.78,5294,
2014-10-23 12:10:00,GLAPHA,1360.0,1364.98,1350.0,1352.05,3053,
2014-10-27 12:10:00,GLAPHA,1355.03,1360.0,1340.05,1350.08,4374,
2014-10-28 12:10:00,GLAPHA,1355.5,1355.93,1344.9,1350.73,6466,
2014-10-29 12:10:00,GLAPHA,1354.98,1355.0,1332.5,1339.75,10936,
2014-10-30 12:10:00,GLAPHA,1337.75,1359.5,1335.5,1352.9,4503,
2014-10-31 12:10:00,GLAPHA,1352.53,1363.48,1349.48,1360.0,6901,
2014-11-03 12:11:00,GLAPHA,1358.5,1370.95,1346.0,1366.4,5418,
2014-11-05 12:11:00,GLAPHA,1375.0,1410.0,1353.78,1380.13,22840,
2014-11-07 12:11:00,GLAPHA,1415.0,1440.0,1382.5,1395.43,29638,
2014-11-10 12:11:00,GLAPHA,1381.18,1419.95,1381.18,1399.78,6545,
2014-11-11 12:11:00,GLAPHA,1412.0,1413.98,1372.5,1383.03,13779,
2014-11-12 12:11:00,GLAPHA,1383.03,1454.3,1383.03,1421.75,57117,
2014-11-13 12:11:00,GLAPHA,1432.28,1443.95,1416.2,1420.18,13291,
2014-11-14 12:11:00,GLAPHA,1424.93,1439.9,1416.5,1424.63,10053,
2014-11-17 12:11:00,GLAPHA,1429.0,1430.0,1417.45,1426.55,6019,
2014-11-18 12:11:00,GLAPHA,1420.5,1455.23,1420.5,1424.88,12143,
2014-11-19 12:11:00,GLAPHA,1429.48,1469.43,1420.53,1449.7,25823,
2014-11-20 12:11:00,GLAPHA,1450.0,1482.0,1450.0,1463.15,16680,
2014-11-21 12:11:00,GLAPHA,1455.6,1492.0,1455.6,1472.15,19944,
2014-11-24 12:11:00,GLAPHA,1475.0,1477.93,1460.0,1469.9,5717,
2014-11-25 12:11:00,GLAPHA,1470.0,1470.0,1410.0,1436.58,8133,
2014-11-26 12:11:00,GLAPHA,1441.98,1467.5,1431.53,1453.88,18181,
2014-11-27 12:11:00,GLAPHA,1464.0,1482.5,1451.13,1466.85,13024,
2014-11-28 12:11:00,GLAPHA,1474.5,1483.48,1460.05,1466.9,9786,
2014-12-01 12:12:00,GLAPHA,1463.3,1517.53,1450.03,1486.4,18192,
2014-12-02 12:12:00,GLAPHA,1492.5,1620.0,1483.8,1586.05,70821,
2014-12-03 12:12:00,GLAPHA,1576.0,1623.5,1576.0,1605.25,25052,
2014-12-05 12:12:00,GLAPHA,1610.5,1610.5,1590.5,1596.98,7803,
2014-12-08 12:12:00,GLAPHA,1600.0,1620.0,1575.5,1606.85,14651,
2014-12-09 12:12:00,GLAPHA,1618.48,1618.48,1575.0,1579.6,7308,
2014-12-10 12:12:00,GLAPHA,1580.03,1594.48,1557.23,1573.0,13966,
2014-12-11 12:12:00,GLAPHA,1562.68,1572.23,1532.5,1545.53,11619,
2014-12-12 12:12:00,GLAPHA,1546.63,1577.5,1528.53,1554.43,9830,
2014-12-15 12:12:00,GLAPHA,1554.5,1576.48,1523.2,1531.25,9254,
2014-12-16 12:12:00,GLAPHA,1534.98,1540.03,1442.15,1470.75,13654,
2014-12-17 12:12:00,GLAPHA,1465.68,1487.13,1425.05,1438.05,15346,
2014-12-18 12:12:00,GLAPHA,1450.0,1512.5,1450.0,1490.08,8640,
2014-12-19 12:12:00,GLAPHA,1481.5,1514.58,1475.03,1493.13,5422,
2014-12-22 12:12:00,GLAPHA,1500.03,1518.5,1481.15,1492.48,5547,
2014-12-23 12:12:00,GLAPHA,1492.5,1547.05,1492.5,1537.53,10341,
2014-12-24 12:12:00,GLAPHA,1555.0,1574.45,1534.5,1560.43,13594,
2014-12-26 12:12:00,GLAPHA,1561.03,1574.4,1537.0,1558.93,7206,
2014-12-29 12:12:00,GLAPHA,1558.88,1597.5,1541.08,1578.4,8321,
2014-12-30 12:12:00,GLAPHA,1572.6,1600.0,1557.5,1593.65,9230,
2014-12-31 12:12:00,GLAPHA,1584.0,1609.5,1570.0,1599.23,9955,
2015-01-01 12:01:00,GLAPHA,1589.5,1620.0,1578.05,1584.95,7760,
2015-01-02 12:01:00,GLAPHA,1570.5,1594.0,1555.5,1565.95,7296,
2015-01-05 12:01:00,GLAPHA,1567.5,1582.5,1558.5,1568.08,4876,
2015-01-06 12:01:00,GLAPHA,1567.5,1587.48,1540.0,1575.55,13599,
2015-01-07 12:01:00,GLAPHA,1573.98,1600.0,1572.68,1590.05,26060,
2015-01-08 12:01:00,GLAPHA,1581.3,1624.95,1581.25,1603.75,14308,
2015-01-09 12:01:00,GLAPHA,1609.93,1620.0,1578.0,1596.33,9659,
2015-01-12 12:01:00,GLAPHA,1601.45,1620.0,1593.83,1596.4,10159,
2015-01-13 12:01:00,GLAPHA,1597.5,1612.5,1581.5,1591.98,4795,
2015-01-14 12:01:00,GLAPHA,1600.0,1604.93,1587.55,1596.55,28123,
2015-01-15 12:01:00,GLAPHA,1597.0,1617.5,1575.0,1587.58,13247,
2015-01-16 12:01:00,GLAPHA,1588.98,1611.98,1576.05,1602.55,24227,
2015-01-19 12:01:00,GLAPHA,1612.5,1613.5,1582.55,1586.9,6313,
2015-01-20 12:01:00,GLAPHA,1580.0,1592.5,1580.0,1584.48,37306,
2015-01-21 12:01:00,GLAPHA,1576.53,1584.98,1574.45,1579.53,4481,
2015-01-22 12:01:00,GLAPHA,1575.5,1595.0,1563.0,1577.0,5592,
2015-01-23 12:01:00,GLAPHA,1576.1,1762.5,1574.7,1671.53,130958,
2015-01-27 12:01:00,GLAPHA,1687.5,1775.0,1675.35,1722.75,41759,
2015-01-28 12:01:00,GLAPHA,1722.75,1734.98,1688.0,1694.85,8693,
2015-01-29 12:01:00,GLAPHA,1685.03,1763.33,1685.03,1722.28,21807,
2015-01-30 12:01:00,GLAPHA,1722.28,1741.5,1688.0,1695.1,11954,
2015-02-02 12:02:00,GLAPHA,1695.55,1722.5,1685.5,1691.6,11642,
2015-02-03 12:02:00,GLAPHA,1692.5,1712.5,1660.0,1668.7,9705,
2015-02-04 12:02:00,GLAPHA,1671.03,1706.55,1670.55,1674.73,9437,
2015-02-05 12:02:00,GLAPHA,1691.95,1694.0,1640.0,1650.78,7580,
2015-02-06 12:02:00,GLAPHA,1660.5,1660.5,1627.53,1647.98,5251,
2015-02-09 12:02:00,GLAPHA,1650.0,1662.45,1619.98,1643.98,7639,
2015-02-10 12:02:00,GLAPHA,1650.73,1699.5,1610.5,1661.28,11479,
2015-02-11 12:02:00,GLAPHA,1669.1,1669.13,1639.38,1647.78,6459,
2015-02-12 12:02:00,GLAPHA,1650.5,1679.95,1582.15,1626.7,30163,
2015-02-13 12:02:00,GLAPHA,1625.0,1659.0,1621.5,1633.2,8092,
2015-02-16 12:02:00,GLAPHA,1625.63,1646.0,1614.3,1623.8,5842,
2015-02-18 12:02:00,GLAPHA,1638.0,1642.0,1612.5,1622.53,5925,
2015-02-19 12:02:00,GLAPHA,1612.75,1633.5,1595.7,1610.65,8389,
2015-02-20 12:02:00,GLAPHA,1610.65,1618.0,1580.5,1592.4,10264,
2015-02-23 12:02:00,GLAPHA,1576.0,1600.0,1555.5,1565.53,10248,
2015-02-24 12:02:00,GLAPHA,1576.0,1576.03,1537.5,1559.8,10417,
2015-02-25 12:02:00,GLAPHA,1553.5,1578.68,1528.03,1552.55,17830,
2015-02-26 12:02:00,GLAPHA,1549.5,1563.5,1532.55,1549.45,10399,
2015-02-27 12:02:00,GLAPHA,1550.5,1563.7,1539.5,1549.98,9148,
2015-02-28 12:02:00,GLAPHA,1550.0,1564.95,1540.55,1554.63,3802,
2015-03-02 12:03:00,GLAPHA,1565.48,1574.95,1530.0,1545.2,10923,
2015-03-03 12:03:00,GLAPHA,1536.03,1562.5,1535.58,1555.45,11322,
2015-03-04 12:03:00,GLAPHA,1570.0,1599.95,1540.55,1569.8,10313,
2015-03-05 12:03:00,GLAPHA,1571.0,1659.5,1555.0,1636.63,37837,
2015-03-09 12:03:00,GLAPHA,1637.5,1699.8,1613.0,1657.45,25566,
2015-03-10 12:03:00,GLAPHA,1661.98,1699.0,1615.5,1671.95,16066,
2015-03-11 12:03:00,GLAPHA,1667.5,1690.0,1650.5,1679.68,50466,
2015-03-12 12:03:00,GLAPHA,1680.0,1680.98,1640.03,1651.03,9683,
2015-03-13 12:03:00,GLAPHA,1657.9,1681.5,1645.38,1652.38,17375,
2015-03-16 12:03:00,GLAPHA,1650.0,1666.5,1615.0,1643.2,28894,
2015-03-17 12:03:00,GLAPHA,1649.5,1655.0,1620.0,1630.8,11247,
2015-03-18 12:03:00,GLAPHA,1630.5,1664.63,1564.8,1639.05,20994,
2015-03-19 12:03:00,GLAPHA,1630.0,1662.5,1625.0,1632.08,14307,
2015-03-20 12:03:00,GLAPHA,1636.08,1654.0,1591.2,1627.53,21131,
2015-03-23 12:03:00,GLAPHA,1643.2,1651.5,1602.8,1641.58,10540,
2015-03-24 12:03:00,GLAPHA,1624.98,1652.5,1607.1,1626.38,17056,
2015-03-25 12:03:00,GLAPHA,1635.0,1650.0,1626.1,1641.93,12925,
2015-03-26 12:03:00,GLAPHA,1637.5,1649.5,1615.05,1631.38,8048,
2015-03-27 12:03:00,GLAPHA,1650.0,1670.0,1620.0,1637.08,16217,
2015-03-30 12:03:00,GLAPHA,1650.0,1674.48,1634.98,1642.6,17151,
2015-03-31 12:03:00,GLAPHA,1633.23,1749.0,1632.68,1712.83,54614,
2015-04-01 12:04:00,GLAPHA,1725.0,1725.0,1656.25,1676.63,22876,
2015-04-06 12:04:00,GLAPHA,1670.0,1694.5,1665.5,1680.05,14965,
2015-04-07 12:04:00,GLAPHA,1693.0,1709.78,1675.5,1679.45,17693,
2015-04-08 12:04:00,GLAPHA,1687.5,1700.0,1669.5,1679.75,19455,
2015-04-09 12:04:00,GLAPHA,1682.5,1693.0,1663.0,1670.43,8829,
2015-04-10 12:04:00,GLAPHA,1674.48,1692.48,1632.75,1657.15,12563,
2015-04-13 12:04:00,GLAPHA,1657.5,1685.95,1643.33,1674.88,9818,
2015-04-15 12:04:00,GLAPHA,1687.5,1695.0,1660.28,1671.48,8469,
2015-04-17 12:04:00,GLAPHA,1652.93,1659.08,1625.0,1636.73,10588,
2015-04-20 12:04:00,GLAPHA,1640.8,1640.8,1590.0,1599.2,11175,
2015-04-21 12:04:00,GLAPHA,1604.98,1614.48,1587.5,1595.25,12227,
2015-04-22 12:04:00,GLAPHA,1603.13,1634.93,1578.2,1599.93,31043,
2015-04-23 12:04:00,GLAPHA,1612.5,1613.25,1587.3,1598.6,4807,
2015-04-24 12:04:00,GLAPHA,1604.5,1607.98,1510.0,1531.33,24186,
2015-04-27 12:04:00,GLAPHA,1553.58,1554.0,1480.5,1498.03,10090,
2015-04-28 12:04:00,GLAPHA,1481.18,1542.5,1481.18,1519.43,14302,
2015-04-29 12:04:00,GLAPHA,1500.5,1582.5,1500.5,1570.03,10203,
2015-04-30 12:04:00,GLAPHA,1575.0,1689.85,1535.05,1591.7,19098,
2015-05-04 12:05:00,GLAPHA,1602.5,1662.5,1580.0,1587.63,12936,
2015-05-05 12:05:00,GLAPHA,1587.5,1624.95,1580.33,1617.75,10543,
2015-05-06 12:05:00,GLAPHA,1617.5,1634.5,1575.0,1599.05,8374,
2015-05-07 12:05:00,GLAPHA,1584.0,1610.0,1551.25,1586.63,9566,
2015-05-08 12:05:00,GLAPHA,1582.38,1600.0,1577.5,1592.75,4305,
2015-05-11 12:05:00,GLAPHA,1602.5,1616.0,1578.55,1593.73,15244,
2015-05-12 12:05:00,GLAPHA,1600.5,1614.0,1581.03,1596.5,6306,
2015-05-13 12:05:00,GLAPHA,1597.25,1612.48,1585.35,1597.7,6108,
2015-05-14 12:05:00,GLAPHA,1593.3,1624.0,1584.98,1612.7,4269,
2015-05-15 12:05:00,GLAPHA,1615.0,1629.5,1596.0,1620.1,7148,
2015-05-18 12:05:00,GLAPHA,1617.98,1670.0,1605.5,1639.73,21522,
2015-05-19 12:05:00,GLAPHA,1621.68,1642.5,1612.5,1625.7,5905,
2015-05-20 12:05:00,GLAPHA,1637.0,1637.0,1600.0,1604.75,7495,
2015-05-21 12:05:00,GLAPHA,1604.98,1612.5,1590.05,1605.38,3420,
2015-05-22 12:05:00,GLAPHA,1610.0,1612.85,1590.5,1596.08,4636,
2015-05-25 12:05:00,GLAPHA,1596.08,1608.03,1590.0,1598.88,3489,
2015-05-26 12:05:00,GLAPHA,1591.08,1605.0,1577.5,1595.75,4474,
2015-05-27 12:05:00,GLAPHA,1578.0,1599.95,1562.5,1583.8,7988,
2015-05-28 12:05:00,GLAPHA,1588.48,1615.0,1572.5,1600.43,8671,
2015-05-29 12:05:00,GLAPHA,1597.5,1620.0,1592.5,1614.05,8064,
2015-06-01 12:06:00,GLAPHA,1598.0,1632.5,1565.33,1623.63,10832,
2015-06-02 12:06:00,GLAPHA,1627.0,1654.65,1612.05,1648.88,21970,
2015-06-03 12:06:00,GLAPHA,1650.0,1650.43,1574.0,1609.3,16525,
2015-06-04 12:06:00,GLAPHA,1606.33,1624.6,1578.08,1591.95,13095,
2015-06-05 12:06:00,GLAPHA,1583.08,1619.5,1583.08,1599.55,5493,
2015-06-08 12:06:00,GLAPHA,1576.5,1594.45,1575.5,1590.2,5442,
2015-06-09 12:06:00,GLAPHA,1572.5,1619.5,1562.5,1597.23,9820,
2015-06-10 12:06:00,GLAPHA,1600.58,1625.0,1595.03,1612.0,6388,
2015-06-11 12:06:00,GLAPHA,1595.5,1620.28,1595.5,1604.5,5164,
2015-06-12 12:06:00,GLAPHA,1577.5,1640.5,1577.5,1616.68,6524,
2015-06-15 12:06:00,GLAPHA,1620.53,1636.5,1616.03,1629.3,4179,
2015-06-16 12:06:00,GLAPHA,1632.5,1644.6,1620.0,1639.63,3694,
2015-06-17 12:06:00,GLAPHA,1640.0,1681.45,1634.03,1662.7,18091,
2015-06-18 12:06:00,GLAPHA,1674.5,1674.5,1647.48,1656.78,7141,
2015-06-19 12:06:00,GLAPHA,1656.7,1665.0,1642.55,1648.45,13817,
2015-06-22 12:06:00,GLAPHA,1646.1,1659.48,1632.5,1638.65,8243,
2015-06-23 12:06:00,GLAPHA,1649.5,1652.93,1624.43,1634.78,9256,
2015-06-24 12:06:00,GLAPHA,1637.58,1647.88,1622.5,1630.58,9064,
2015-06-25 12:06:00,GLAPHA,1630.93,1637.0,1622.5,1631.7,4451,
2015-06-26 12:06:00,GLAPHA,1630.98,1649.95,1608.3,1643.8,6752,
2015-06-29 12:06:00,GLAPHA,1618.0,1649.5,1602.0,1643.55,7011,
2015-06-30 12:06:00,GLAPHA,1627.53,1700.0,1627.53,1674.05,41103,
2015-07-01 12:07:00,GLAPHA,1680.0,1680.0,1652.0,1661.73,9350,
2015-07-02 12:07:00,GLAPHA,1661.73,1680.0,1654.98,1676.0,7144,
2015-07-03 12:07:00,GLAPHA,1676.0,1680.0,1656.83,1673.7,5896,
2015-07-06 12:07:00,GLAPHA,1650.0,1678.5,1650.0,1676.78,7234,
2015-07-07 12:07:00,GLAPHA,1679.88,1717.0,1667.5,1703.18,11452,
2015-07-08 12:07:00,GLAPHA,1687.5,1782.5,1676.0,1730.48,28669,
2015-07-09 12:07:00,GLAPHA,1730.48,1762.5,1700.5,1708.5,14653,
2015-07-10 12:07:00,GLAPHA,1713.53,1729.48,1690.0,1701.83,7393,
2015-07-13 12:07:00,GLAPHA,1716.5,1716.5,1692.5,1705.13,6004,
2015-07-14 12:07:00,GLAPHA,1725.0,1735.0,1700.0,1708.58,10862,
2015-07-16 12:07:00,GLAPHA,1714.5,1722.93,1701.7,1710.45,5940,
2015-07-17 12:07:00,GLAPHA,1722.0,1724.5,1700.0,1709.35,13274,
2015-07-20 12:07:00,GLAPHA,1709.03,1722.53,1689.0,1697.88,20775,
2015-07-21 12:07:00,GLAPHA,1685.03,1711.98,1682.5,1689.45,7847,
2015-07-22 12:07:00,GLAPHA,1691.95,1720.5,1685.08,1718.45,11809,
2015-07-23 12:07:00,GLAPHA,1699.0,1705.5,1678.0,1701.5,15158,
2015-07-24 12:07:00,GLAPHA,1685.0,1699.75,1682.5,1694.3,5267,
2015-07-27 12:07:00,GLAPHA,1694.25,1702.75,1677.9,1691.15,3528,
2015-07-28 12:07:00,GLAPHA,1691.73,1709.5,1663.0,1696.18,10384,
2015-07-29 12:07:00,GLAPHA,1710.5,1742.5,1696.0,1722.53,12381,
2015-07-30 12:07:00,GLAPHA,1725.0,1787.0,1720.0,1765.88,58311,
2015-07-31 12:07:00,GLAPHA,1782.5,1782.5,1726.5,1761.15,18956,
2015-08-03 12:08:00,GLAPHA,1745.0,1837.5,1735.55,1796.25,29823,
2015-08-04 12:08:00,GLAPHA,1811.0,1862.5,1763.55,1847.45,30037,
2015-08-05 12:08:00,GLAPHA,1847.5,1912.5,1835.08,1877.03,17112,
2015-08-06 12:08:00,GLAPHA,1882.5,1889.23,1850.0,1865.28,6239,
2015-08-07 12:08:00,GLAPHA,1853.0,1865.03,1829.08,1834.93,12326,
2015-08-10 12:08:00,GLAPHA,1830.5,1860.0,1788.45,1808.45,16114,
2015-08-11 12:08:00,GLAPHA,1825.93,1825.93,1787.0,1806.2,5627,
2015-08-12 12:08:00,GLAPHA,1806.2,1832.5,1790.05,1813.45,5447,
2015-08-13 12:08:00,GLAPHA,1808.48,1822.5,1795.0,1801.38,7160,
2015-08-14 12:08:00,GLAPHA,1800.18,1854.98,1799.5,1839.85,9569,
2015-08-17 12:08:00,GLAPHA,1829.68,1837.5,1804.48,1826.05,5740,
2015-08-18 12:08:00,GLAPHA,1826.03,1842.45,1826.03,1832.3,3456,
2015-08-19 12:08:00,GLAPHA,1835.0,1849.0,1800.58,1810.08,11968,
2015-08-20 12:08:00,GLAPHA,1816.0,1832.75,1795.0,1802.08,5899,
2015-08-21 12:08:00,GLAPHA,1793.43,1811.0,1775.0,1793.98,6546,
2015-08-24 12:08:00,GLAPHA,1759.0,1768.98,1688.5,1704.55,14814,
2015-08-25 12:08:00,GLAPHA,1725.0,1749.5,1652.5,1691.13,12066,
2015-08-26 12:08:00,GLAPHA,1725.0,1725.0,1668.78,1688.75,6078,
2015-08-27 12:08:00,GLAPHA,1700.03,1720.0,1663.5,1685.4,10795,
2015-08-28 12:08:00,GLAPHA,1685.4,1712.75,1683.03,1696.73,8242,
2015-08-31 12:08:00,GLAPHA,1675.03,1721.5,1675.03,1698.63,7579,
2015-09-01 12:09:00,GLAPHA,1685.03,1737.48,1665.78,1689.75,18222,
2015-09-02 12:09:00,GLAPHA,1742.0,1742.0,1670.0,1683.13,19023,
2015-09-03 12:09:00,GLAPHA,1694.95,1701.5,1677.75,1694.6,7986,
2015-09-04 12:09:00,GLAPHA,1694.0,1697.5,1673.53,1684.3,8036,
2015-09-07 12:09:00,GLAPHA,1680.0,1695.73,1665.2,1672.53,3976,
2015-09-08 12:09:00,GLAPHA,1649.0,1684.98,1632.98,1661.55,6039,
2015-09-09 12:09:00,GLAPHA,1667.55,1679.73,1646.45,1659.93,6646,
2015-09-10 12:09:00,GLAPHA,1659.5,1697.0,1650.0,1675.45,13155,
2015-09-11 12:09:00,GLAPHA,1657.6,1694.98,1657.6,1666.88,14382,
2015-09-14 12:09:00,GLAPHA,1682.5,1685.0,1652.5,1663.5,6301,
2015-09-15 12:09:00,GLAPHA,1663.5,1679.5,1650.5,1662.75,9128,
2015-09-16 12:09:00,GLAPHA,1665.08,1672.43,1651.0,1660.78,4407,
2015-09-18 12:09:00,GLAPHA,1682.0,1682.0,1652.8,1674.65,26458,
2015-09-21 12:09:00,GLAPHA,1673.98,1692.0,1659.43,1674.25,6407,
2015-09-22 12:09:00,GLAPHA,1686.5,1687.5,1665.0,1673.83,4608,
2015-09-23 12:09:00,GLAPHA,1683.48,1692.53,1665.5,1673.4,6165,
2015-09-24 12:09:00,GLAPHA,1661.28,1704.48,1661.28,1685.78,10127,
2015-09-28 12:09:00,GLAPHA,1699.93,1699.93,1655.0,1658.7,10312,
2015-09-29 12:09:00,GLAPHA,1662.5,1667.5,1657.5,1662.88,4595,
2015-09-30 12:09:00,GLAPHA,1666.53,1699.0,1650.5,1679.78,10565,
2015-10-01 12:10:00,GLAPHA,1687.5,1699.5,1666.5,1681.98,10098,
2015-10-05 12:10:00,GLAPHA,1685.9,1698.5,1672.5,1677.45,6096,
2015-10-06 12:10:00,GLAPHA,1679.93,1712.53,1667.6,1686.78,10856,
2015-10-07 12:10:00,GLAPHA,1685.0,1717.5,1683.38,1693.95,6583,
2015-10-08 12:10:00,GLAPHA,1711.98,1711.98,1666.18,1682.88,9184,
2015-10-09 12:10:00,GLAPHA,1673.0,1694.0,1645.0,1659.65,17698,
2015-10-12 12:10:00,GLAPHA,1665.28,1669.0,1652.55,1659.23,9573,
2015-10-13 12:10:00,GLAPHA,1650.03,1664.28,1650.0,1653.88,7039,
2015-10-14 12:10:00,GLAPHA,1650.05,1659.2,1644.73,1650.08,9420,
2015-10-15 12:10:00,GLAPHA,1653.3,1667.5,1646.03,1652.33,9053,
2015-10-16 12:10:00,GLAPHA,1661.95,1674.5,1655.0,1661.78,10797,
2015-10-19 12:10:00,GLAPHA,1657.13,1668.55,1650.03,1657.88,8291,
2015-10-20 12:10:00,GLAPHA,1658.5,1661.98,1647.5,1650.05,8263,
2015-10-21 12:10:00,GLAPHA,1650.03,1657.5,1648.15,1651.75,3985,
2015-10-23 12:10:00,GLAPHA,1645.0,1667.5,1640.0,1660.5,8576,
2015-10-26 12:10:00,GLAPHA,1660.5,1667.5,1631.18,1649.25,9037,
2015-10-27 12:10:00,GLAPHA,1650.0,1650.0,1632.5,1641.33,7420,
2015-10-28 12:10:00,GLAPHA,1642.5,1655.48,1635.05,1641.1,4711,
2015-10-29 12:10:00,GLAPHA,1637.5,1653.5,1627.0,1638.38,4493,
2015-10-30 12:10:00,GLAPHA,1632.5,1672.5,1632.5,1655.08,6087,
2015-11-02 12:11:00,GLAPHA,1636.0,1639.88,1580.5,1620.0,26184,
2015-11-03 12:11:00,GLAPHA,1620.0,1635.5,1614.5,1622.9,5640,
2015-11-04 12:11:00,GLAPHA,1622.5,1623.0,1611.65,1615.88,5772,
2015-11-05 12:11:00,GLAPHA,1615.5,1622.0,1592.5,1604.63,4317,
2015-11-06 12:11:00,GLAPHA,1604.5,1620.0,1588.75,1606.23,5980,
2015-11-09 12:11:00,GLAPHA,1606.0,1620.0,1585.9,1615.68,3736,
2015-11-10 12:11:00,GLAPHA,1614.48,1614.48,1565.0,1570.1,13389,
2015-11-11 12:11:00,GLAPHA,1574.98,1590.5,1572.03,1585.88,1323,
2015-11-13 12:11:00,GLAPHA,1576.0,1581.5,1567.5,1577.13,5069,
2015-11-16 12:11:00,GLAPHA,1574.5,1575.0,1550.0,1564.58,7075,
2015-11-17 12:11:00,GLAPHA,1566.0,1575.0,1538.5,1564.55,13773,
2015-11-18 12:11:00,GLAPHA,1567.48,1575.0,1544.5,1562.33,4803,
2015-11-19 12:11:00,GLAPHA,1550.0,1590.0,1550.0,1575.93,9004,
2015-11-20 12:11:00,GLAPHA,1597.5,1612.0,1570.65,1599.38,4779,
2015-11-23 12:11:00,GLAPHA,1610.0,1632.5,1586.0,1616.2,4462,
2015-11-24 12:11:00,GLAPHA,1629.0,1632.48,1602.5,1627.58,5580,
2015-11-26 12:11:00,GLAPHA,1611.13,1654.95,1611.13,1642.33,5960,
2015-11-27 12:11:00,GLAPHA,1639.43,1655.53,1630.15,1639.1,2640,
2015-11-30 12:11:00,GLAPHA,1641.53,1656.5,1605.0,1648.13,4482,
2015-12-01 12:12:00,GLAPHA,1649.48,1660.0,1628.35,1646.75,3785,
2015-12-02 12:12:00,GLAPHA,1646.53,1655.0,1637.5,1652.85,5602,
2015-12-03 12:12:00,GLAPHA,1652.48,1652.5,1627.73,1634.93,8626,
2015-12-04 12:12:00,GLAPHA,1633.7,1652.5,1618.5,1642.4,4454,
2015-12-07 12:12:00,GLAPHA,1653.08,1658.25,1632.5,1638.4,2900,
2015-12-08 12:12:00,GLAPHA,1656.25,1656.25,1620.0,1640.8,4517,
2015-12-09 12:12:00,GLAPHA,1649.0,1650.0,1617.0,1635.13,4997,
2015-12-10 12:12:00,GLAPHA,1644.98,1650.0,1615.0,1625.23,6725,
2015-12-11 12:12:00,GLAPHA,1625.0,1633.98,1608.1,1622.4,5392,
2015-12-14 12:12:00,GLAPHA,1622.5,1662.5,1608.0,1652.05,7723,
2015-12-15 12:12:00,GLAPHA,1656.0,1665.0,1649.83,1657.05,6030,
2015-12-16 12:12:00,GLAPHA,1664.73,1664.73,1575.58,1649.7,25675,
2015-12-17 12:12:00,GLAPHA,1653.5,1654.5,1635.15,1648.65,3708,
2015-12-18 12:12:00,GLAPHA,1637.48,1662.43,1625.6,1637.68,6630,
2015-12-21 12:12:00,GLAPHA,1622.5,1647.5,1622.5,1639.08,2533,
2015-12-22 12:12:00,GLAPHA,1638.5,1640.0,1623.0,1634.98,4511,
2015-12-23 12:12:00,GLAPHA,1621.63,1662.5,1621.63,1648.6,7677,
2015-12-24 12:12:00,GLAPHA,1632.0,1649.9,1632.0,1647.73,2066,
2015-12-28 12:12:00,GLAPHA,1647.5,1662.4,1631.25,1639.6,4240,
2015-12-29 12:12:00,GLAPHA,1639.53,1653.0,1635.5,1648.53,32238,
2015-12-30 12:12:00,GLAPHA,1652.98,1672.5,1637.5,1662.1,30893,
2015-12-31 12:12:00,GLAPHA,1661.98,1662.5,1643.5,1657.03,11220,
2016-01-01 12:01:00,GLAPHA,1657.5,1658.58,1644.0,1647.43,1950,
2016-01-04 12:01:00,GLAPHA,1638.5,1649.5,1622.48,1629.1,5653,
2016-01-05 12:01:00,GLAPHA,1629.98,1649.5,1615.0,1638.9,5485,
2016-01-06 12:01:00,GLAPHA,1629.13,1647.48,1626.0,1638.53,3135,
2016-01-07 12:01:00,GLAPHA,1633.5,1636.93,1608.0,1616.65,5982,
2016-01-08 12:01:00,GLAPHA,1612.5,1662.5,1612.5,1647.75,9828,
2016-01-11 12:01:00,GLAPHA,1647.5,1647.5,1609.0,1615.3,6218,
2016-01-12 12:01:00,GLAPHA,1610.03,1648.98,1610.03,1635.03,6601,
2016-01-13 12:01:00,GLAPHA,1645.0,1655.0,1605.0,1647.05,9048,
2016-01-14 12:01:00,GLAPHA,1644.75,1649.0,1605.0,1616.55,6809,
2016-01-15 12:01:00,GLAPHA,1619.98,1627.0,1592.5,1603.73,5288,
2016-01-18 12:01:00,GLAPHA,1580.5,1600.58,1572.45,1581.13,7184,
2016-01-19 12:01:00,GLAPHA,1583.48,1650.0,1572.0,1602.2,24887,
2016-01-20 12:01:00,GLAPHA,1584.0,1584.0,1550.6,1571.43,11895,
2016-01-21 12:01:00,GLAPHA,1575.03,1584.2,1516.03,1534.38,12227,
2016-01-22 12:01:00,GLAPHA,1537.0,1614.5,1527.55,1579.83,10922,
2016-01-25 12:01:00,GLAPHA,1605.0,1606.0,1580.6,1592.05,3208,
2016-01-27 12:01:00,GLAPHA,1597.0,1624.2,1580.0,1615.33,3737,
2016-01-28 12:01:00,GLAPHA,1600.5,1624.0,1593.63,1614.8,3367,
2016-01-29 12:01:00,GLAPHA,1610.5,1637.5,1605.58,1618.2,5783,
2016-02-01 12:02:00,GLAPHA,1618.5,1656.35,1600.0,1648.6,7952,
2016-02-02 12:02:00,GLAPHA,1647.95,1650.0,1618.0,1631.1,15388,
2016-02-03 12:02:00,GLAPHA,1631.0,1631.0,1600.05,1604.05,11349,
2016-02-04 12:02:00,GLAPHA,1605.0,1622.75,1591.18,1613.4,4454,
2016-02-05 12:02:00,GLAPHA,1613.0,1674.4,1607.5,1653.15,8560,
2016-02-08 12:02:00,GLAPHA,1645.0,1653.0,1626.33,1648.3,2651,
2016-02-09 12:02:00,GLAPHA,1630.33,1644.65,1614.45,1621.85,2173,
2016-02-10 12:02:00,GLAPHA,1620.5,1641.98,1610.0,1622.35,6291,
2016-02-11 12:02:00,GLAPHA,1620.0,1620.0,1590.0,1601.1,9254,
2016-02-12 12:02:00,GLAPHA,1618.48,1625.0,1558.5,1611.13,6089,
2016-02-15 12:02:00,GLAPHA,1597.5,1623.0,1595.6,1607.8,3736,
2016-02-16 12:02:00,GLAPHA,1593.0,1612.5,1577.5,1589.9,3453,
2016-02-17 12:02:00,GLAPHA,1586.0,1624.25,1575.0,1608.58,5743,
2016-02-18 12:02:00,GLAPHA,1620.0,1620.0,1593.0,1602.6,7327,
2016-02-19 12:02:00,GLAPHA,1575.03,1624.0,1575.03,1611.53,3088,
2016-02-22 12:02:00,GLAPHA,1611.48,1617.5,1589.03,1614.15,3155,
2016-02-23 12:02:00,GLAPHA,1599.38,1622.5,1592.5,1613.65,2917,
2016-02-24 12:02:00,GLAPHA,1609.48,1613.5,1590.08,1606.9,12433,
2016-02-25 12:02:00,GLAPHA,1605.48,1605.48,1562.5,1573.9,8685,
2016-02-26 12:02:00,GLAPHA,1573.5,1584.5,1559.15,1573.05,5590,
2016-02-29 12:02:00,GLAPHA,1571.0,1601.38,1545.03,1578.7,7043,
2016-03-01 12:03:00,GLAPHA,1578.5,1612.2,1578.48,1598.0,7245,
2016-03-02 12:03:00,GLAPHA,1596.88,1638.5,1592.8,1624.5,14065,
2016-03-03 12:03:00,GLAPHA,1616.08,1616.08,1590.0,1599.25,6019,
2016-03-04 12:03:00,GLAPHA,1599.25,1635.0,1596.05,1625.68,7148,
2016-03-08 12:03:00,GLAPHA,1607.53,1624.98,1595.0,1602.0,5396,
2016-03-09 12:03:00,GLAPHA,1604.9,1629.5,1598.75,1624.68,4502,
2016-03-10 12:03:00,GLAPHA,1613.9,1627.5,1602.5,1615.48,4719,
2016-03-11 12:03:00,GLAPHA,1612.23,1635.0,1602.55,1622.43,3970,
2016-03-14 12:03:00,GLAPHA,1614.98,1647.2,1602.68,1629.95,4988,
2016-03-15 12:03:00,GLAPHA,1629.0,1874.45,1609.95,1638.75,10897,
2016-03-16 12:03:00,GLAPHA,1638.5,1675.0,1620.25,1662.53,13604,
2016-03-17 12:03:00,GLAPHA,1662.5,1694.0,1650.0,1683.2,7450,
2016-03-18 12:03:00,GLAPHA,1682.98,1704.9,1666.5,1699.8,8270,
2016-03-21 12:03:00,GLAPHA,1699.48,1767.5,1685.33,1728.75,14728,
2016-03-22 12:03:00,GLAPHA,1730.5,1799.5,1704.5,1769.5,18517,
2016-03-23 12:03:00,GLAPHA,1774.5,1859.5,1745.0,1847.85,23748,
2016-03-28 12:03:00,GLAPHA,1850.0,1859.0,1797.53,1849.03,12314,
2016-03-29 12:03:00,GLAPHA,1825.03,1873.5,1801.05,1838.05,21017,
2016-03-30 12:03:00,GLAPHA,1838.0,1899.5,1831.6,1886.48,20297,
2016-03-31 12:03:00,GLAPHA,1884.98,1936.0,1855.08,1907.38,16038,
2016-04-01 12:04:00,GLAPHA,1901.0,1925.0,1883.78,1905.55,8840,
2016-04-04 12:04:00,GLAPHA,1897.48,1902.48,1860.0,1879.03,9820,
2016-04-05 12:04:00,GLAPHA,1874.98,1874.98,1840.88,1852.8,3413,
2016-04-06 12:04:00,GLAPHA,1850.0,1868.0,1820.43,1860.23,5705,
2016-04-07 12:04:00,GLAPHA,1839.88,1849.5,1825.5,1837.65,5204,
2016-04-08 12:04:00,GLAPHA,1827.53,1849.23,1827.5,1841.6,2469,
2016-04-11 12:04:00,GLAPHA,1825.75,1844.35,1820.5,1838.83,3606,
2016-04-12 12:04:00,GLAPHA,1837.5,1845.6,1830.0,1837.93,2777,
2016-04-13 12:04:00,GLAPHA,1840.43,1875.0,1835.6,1868.73,6587,
2016-04-18 12:04:00,GLAPHA,1868.5,1870.0,1842.5,1856.73,4194,
2016-04-20 12:04:00,GLAPHA,1845.0,1877.85,1835.0,1855.25,5121,
2016-04-21 12:04:00,GLAPHA,1859.48,1866.53,1838.1,1851.55,4758,
2016-04-22 12:04:00,GLAPHA,1852.03,1854.98,1825.0,1833.28,5441,
2016-04-25 12:04:00,GLAPHA,1823.3,1840.0,1812.6,1832.03,2337,
2016-04-26 12:04:00,GLAPHA,1812.0,1897.0,1812.0,1872.5,8403,
2016-04-27 12:04:00,GLAPHA,1850.6,1909.0,1850.6,1884.45,7064,
2016-04-28 12:04:00,GLAPHA,1882.18,1896.5,1860.0,1873.35,5557,
2016-04-29 12:04:00,GLAPHA,1873.0,1887.5,1845.0,1865.7,4364,
2016-05-02 12:05:00,GLAPHA,1865.15,1868.5,1831.23,1836.28,8228,
2016-05-03 12:05:00,GLAPHA,1837.5,1838.45,1802.5,1813.1,5190,
2016-05-04 12:05:00,GLAPHA,1819.98,1820.0,1770.0,1813.85,7801,
2016-05-05 12:05:00,GLAPHA,1813.6,1814.48,1778.13,1804.7,3960,
2016-05-06 12:05:00,GLAPHA,1804.53,1811.98,1782.58,1791.13,2120,
2016-05-09 12:05:00,GLAPHA,1791.0,1802.5,1782.5,1796.05,4881,
2016-05-10 12:05:00,GLAPHA,1796.03,1807.5,1752.75,1766.93,7071,
2016-05-11 12:05:00,GLAPHA,1766.5,1799.0,1750.0,1768.38,5510,
2016-05-12 12:05:00,GLAPHA,1768.5,1780.03,1719.98,1733.83,15875,
2016-05-13 12:05:00,GLAPHA,1724.98,1732.85,1691.0,1707.55,12560,
2016-05-16 12:05:00,GLAPHA,1707.5,1731.98,1707.5,1717.7,4181,
2016-05-17 12:05:00,GLAPHA,1722.48,1722.48,1702.0,1708.8,3474,
2016-05-18 12:05:00,GLAPHA,1717.5,1739.0,1688.0,1694.35,7407,
2016-05-19 12:05:00,GLAPHA,1694.48,1699.75,1663.08,1672.6,3609,
2016-05-20 12:05:00,GLAPHA,1674.5,1705.0,1674.5,1695.45,2686,
2016-05-23 12:05:00,GLAPHA,1700.0,1703.48,1676.18,1689.15,2593,
2016-05-24 12:05:00,GLAPHA,1689.0,1712.53,1675.0,1701.78,3690,
2016-05-25 12:05:00,GLAPHA,1702.5,1763.0,1676.0,1718.0,16457,
2016-05-26 12:05:00,GLAPHA,1737.5,1772.5,1720.23,1752.85,10921,
2016-05-27 12:05:00,GLAPHA,1727.5,1810.0,1718.1,1764.18,9321,
2016-05-30 12:05:00,GLAPHA,1741.0,1797.0,1741.0,1786.13,5264,
2016-05-31 12:05:00,GLAPHA,1764.25,1784.7,1763.0,1777.23,3945,
2016-06-01 12:06:00,GLAPHA,1777.0,1787.18,1762.5,1766.15,3099,
2016-06-02 12:06:00,GLAPHA,1779.83,1787.1,1731.25,1766.95,3614,
2016-06-03 12:06:00,GLAPHA,1766.48,1777.5,1753.0,1769.3,2728,
2016-06-06 12:06:00,GLAPHA,1766.95,1774.75,1750.28,1758.38,3359,
2016-06-07 12:06:00,GLAPHA,1766.48,1774.0,1742.7,1762.4,3086,
2016-06-08 12:06:00,GLAPHA,1757.5,1764.0,1751.03,1759.8,2579,
2016-06-09 12:06:00,GLAPHA,1750.5,1767.0,1742.5,1752.3,2803,
2016-06-10 12:06:00,GLAPHA,1749.98,1757.53,1740.0,1748.48,2053,
2016-06-13 12:06:00,GLAPHA,1748.0,1762.0,1733.0,1749.28,1826,
2016-06-14 12:06:00,GLAPHA,1747.05,1749.5,1737.5,1745.58,1930,
2016-06-15 12:06:00,GLAPHA,1749.48,1775.0,1737.5,1759.65,3620,
2016-06-20 12:06:00,GLAPHA,1742.63,1757.23,1738.55,1749.43,3041,
2016-06-21 12:06:00,GLAPHA,1749.0,1766.5,1741.15,1757.15,7036,
2016-06-22 12:06:00,GLAPHA,1755.0,1774.0,1720.0,1728.78,9345,
2016-06-23 12:06:00,GLAPHA,1728.5,1742.0,1700.68,1708.1,10222,
2016-06-24 12:06:00,GLAPHA,1687.5,1745.0,1687.5,1737.63,9981,
2016-06-27 12:06:00,GLAPHA,1737.5,1756.0,1718.0,1745.08,4493,
2016-06-28 12:06:00,GLAPHA,1749.0,1756.0,1738.0,1751.93,3236,
2016-06-29 12:06:00,GLAPHA,1755.0,1762.5,1732.5,1749.88,3250,
2016-06-30 12:06:00,GLAPHA,1759.45,1762.5,1733.0,1743.7,5556,
2016-07-01 12:07:00,GLAPHA,1752.0,1755.0,1725.0,1734.45,12043,
2016-07-04 12:07:00,GLAPHA,1744.5,1757.5,1735.55,1751.55,3180,
2016-07-05 12:07:00,GLAPHA,1751.55,1756.78,1740.0,1747.58,3788,
2016-07-07 12:07:00,GLAPHA,1735.0,1772.53,1732.0,1759.65,8984,
2016-07-11 12:07:00,GLAPHA,1740.55,1765.0,1740.55,1759.8,5622,
2016-07-12 12:07:00,GLAPHA,1761.15,1768.5,1750.0,1756.3,5326,
2016-07-13 12:07:00,GLAPHA,1762.98,1765.0,1743.03,1752.7,3612,
2016-07-15 12:07:00,GLAPHA,1750.03,1750.03,1727.0,1729.48,3913,
2016-07-18 12:07:00,GLAPHA,1737.5,1740.0,1699.93,1706.2,4275,
2016-07-19 12:07:00,GLAPHA,1706.25,1724.0,1706.0,1714.23,3343,
2016-07-20 12:07:00,GLAPHA,1718.0,1724.5,1690.5,1700.55,4390,
2016-07-22 12:07:00,GLAPHA,1698.5,1706.98,1690.05,1699.55,2319,
2016-07-25 12:07:00,GLAPHA,1712.5,1715.0,1695.0,1705.05,4116,
2016-07-27 12:07:00,GLAPHA,1697.5,1705.7,1677.53,1683.2,4292,
2016-07-28 12:07:00,GLAPHA,1696.93,1705.0,1662.5,1673.25,15131,
2016-07-29 12:07:00,GLAPHA,1662.65,1680.03,1650.0,1657.48,7355,
2016-08-01 12:08:00,GLAPHA,1662.25,1662.45,1606.3,1611.28,12846,
2016-08-02 12:08:00,GLAPHA,1612.0,1636.0,1596.23,1599.25,7453,
2016-08-03 12:08:00,GLAPHA,1599.78,1611.95,1550.0,1571.33,10729,
2016-08-04 12:08:00,GLAPHA,1571.0,1599.0,1539.13,1547.13,11966,
2016-08-05 12:08:00,GLAPHA,1547.0,1585.0,1547.0,1570.25,6015,
2016-08-08 12:08:00,GLAPHA,1576.0,1578.0,1554.05,1560.55,5913,
2016-08-09 12:08:00,GLAPHA,1560.5,1569.53,1550.0,1554.1,6529,
2016-08-10 12:08:00,GLAPHA,1554.0,1574.5,1520.0,1531.75,11650,
2016-08-11 12:08:00,GLAPHA,1530.0,1571.53,1525.5,1559.9,4967,
2016-08-12 12:08:00,GLAPHA,1565.0,1570.0,1518.05,1559.43,5148,
2016-08-16 12:08:00,GLAPHA,1559.0,1569.25,1522.5,1525.45,11395,
2016-08-17 12:08:00,GLAPHA,1532.5,1588.0,1525.0,1584.23,9423,
2016-08-18 12:08:00,GLAPHA,1588.0,1594.0,1550.75,1571.53,6046,
2016-08-19 12:08:00,GLAPHA,1572.5,1580.03,1551.1,1560.8,4058,
2016-08-22 12:08:00,GLAPHA,1560.5,1574.25,1533.33,1537.8,5169,
2016-08-23 12:08:00,GLAPHA,1537.5,1555.0,1533.1,1540.98,4126,
2016-08-24 12:08:00,GLAPHA,1540.5,1547.0,1520.5,1525.58,11444,
2016-08-25 12:08:00,GLAPHA,1521.0,1528.0,1495.03,1506.33,14145,
2016-08-26 12:08:00,GLAPHA,1506.53,1521.73,1485.7,1490.85,12888,
2016-08-29 12:08:00,GLAPHA,1491.0,1497.7,1481.05,1489.63,5939,
2016-08-30 12:08:00,GLAPHA,1485.0,1520.0,1484.5,1505.23,4603,
2016-08-31 12:08:00,GLAPHA,1505.0,1661.5,1486.03,1516.98,86171,
2016-09-01 12:09:00,GLAPHA,1531.0,1544.98,1485.78,1492.58,25854,
2016-09-02 12:09:00,GLAPHA,1500.0,1526.98,1482.5,1487.03,19297,
2016-09-06 12:09:00,GLAPHA,1487.0,1509.5,1487.0,1500.03,11029,
2016-09-07 12:09:00,GLAPHA,1512.4,1512.4,1500.7,1505.3,6283,
2016-09-08 12:09:00,GLAPHA,1510.0,1510.0,1491.0,1501.7,8677,
2016-09-09 12:09:00,GLAPHA,1501.5,1516.5,1495.0,1500.53,5977,
2016-09-12 12:09:00,GLAPHA,1495.0,1504.23,1487.5,1493.18,6391,
2016-09-14 12:09:00,GLAPHA,1493.0,1502.5,1475.05,1478.63,12254,
2016-09-15 12:09:00,GLAPHA,1487.0,1499.5,1475.63,1484.13,7047,
2016-09-16 12:09:00,GLAPHA,1492.5,1492.5,1399.98,1413.23,343527,
2016-09-19 12:09:00,GLAPHA,1418.18,1438.5,1418.18,1420.75,20160,
2016-09-20 12:09:00,GLAPHA,1420.75,1425.0,1412.5,1414.4,12004,
2016-09-21 12:09:00,GLAPHA,1414.4,1424.0,1400.5,1405.28,13545,
2016-09-22 12:09:00,GLAPHA,1417.4,1417.5,1393.13,1397.43,34401,
2016-09-23 12:09:00,GLAPHA,1400.03,1413.23,1396.68,1402.63,41160,
2016-09-26 12:09:00,GLAPHA,1404.0,1410.95,1395.0,1399.18,56247,
2016-09-27 12:09:00,GLAPHA,1409.5,1422.5,1397.5,1411.45,15395,
2016-09-28 12:09:00,GLAPHA,1411.45,1425.0,1410.0,1419.88,23206,
2016-09-29 12:09:00,GLAPHA,1425.0,1435.0,1387.5,1403.63,62678,
2016-09-30 12:09:00,GLAPHA,1403.5,1405.0,1376.0,1390.48,35018,
2016-10-03 12:10:00,GLAPHA,1395.0,1414.4,1390.25,1410.05,6986,
2016-10-04 12:10:00,GLAPHA,1407.5,1457.35,1406.68,1434.18,10483,
2016-10-05 12:10:00,GLAPHA,1417.5,1440.0,1417.5,1437.3,8863,
2016-10-06 12:10:00,GLAPHA,1448.98,1472.9,1425.75,1459.45,11685,
2016-10-07 12:10:00,GLAPHA,1459.45,1472.5,1431.18,1459.8,9347,
2016-10-13 12:10:00,GLAPHA,1460.0,1474.95,1453.85,1468.83,8918,
2016-10-14 12:10:00,GLAPHA,1467.5,1484.5,1460.28,1478.13,16880,
2016-10-17 12:10:00,GLAPHA,1475.5,1499.95,1464.98,1487.7,6113,
2016-10-18 12:10:00,GLAPHA,1478.18,1498.38,1478.0,1485.55,5957,
2016-10-19 12:10:00,GLAPHA,1490.0,1495.0,1473.4,1488.63,6402,
2016-10-20 12:10:00,GLAPHA,1494.5,1500.0,1480.03,1490.2,7352,
2016-10-21 12:10:00,GLAPHA,1490.2,1490.2,1474.1,1483.18,3797,
2016-10-24 12:10:00,GLAPHA,1483.15,1491.73,1466.5,1480.9,5684,
2016-10-25 12:10:00,GLAPHA,1481.0,1483.33,1466.5,1476.13,4439,
2016-10-26 12:10:00,GLAPHA,1472.0,1473.93,1452.4,1462.48,5833,
2016-10-27 12:10:00,GLAPHA,1458.58,1472.5,1451.5,1462.43,6875,
2016-10-28 12:10:00,GLAPHA,1469.0,1489.0,1447.45,1455.05,11060,
2016-10-30 12:10:00,GLAPHA,1467.45,1475.0,1460.0,1471.83,1513,
2016-11-01 12:11:00,GLAPHA,1485.95,1485.95,1411.48,1428.1,11162,
2016-11-02 12:11:00,GLAPHA,1423.0,1444.0,1400.0,1410.4,20893,
2016-11-03 12:11:00,GLAPHA,1411.0,1422.5,1387.5,1409.15,14429,
2016-11-04 12:11:00,GLAPHA,1400.0,1439.0,1365.55,1400.38,26638,
2016-11-07 12:11:00,GLAPHA,1405.0,1412.0,1380.0,1393.35,9187,
2016-11-08 12:11:00,GLAPHA,1405.98,1405.98,1355.53,1361.03,21865,
2016-11-09 12:11:00,GLAPHA,1350.5,1355.03,1305.0,1327.28,26809,
2016-11-10 12:11:00,GLAPHA,1315.05,1333.65,1300.0,1305.85,60014,
2016-11-11 12:11:00,GLAPHA,1334.5,1334.5,1300.0,1321.95,14704,
2016-11-15 12:11:00,GLAPHA,1344.0,1349.0,1300.0,1329.15,11221,
2016-11-16 12:11:00,GLAPHA,1329.18,1347.48,1309.43,1334.73,6805,
2016-11-17 12:11:00,GLAPHA,1339.5,1357.0,1320.68,1347.75,6539,
2016-11-18 12:11:00,GLAPHA,1344.95,1369.95,1335.65,1355.8,7160,
2016-11-21 12:11:00,GLAPHA,1355.8,1364.5,1334.0,1344.75,6167,
2016-11-22 12:11:00,GLAPHA,1350.03,1350.03,1300.0,1305.05,17780,
2016-11-23 12:11:00,GLAPHA,1309.5,1340.0,1307.03,1328.15,4064,
2016-11-24 12:11:00,GLAPHA,1315.03,1341.0,1312.48,1332.5,3785,
2016-11-28 12:11:00,GLAPHA,1337.5,1370.0,1332.48,1362.88,5994,
2016-11-29 12:11:00,GLAPHA,1362.5,1365.5,1337.5,1342.15,9940,
2016-11-30 12:11:00,GLAPHA,1342.58,1365.0,1340.43,1357.1,5145,
2016-12-01 12:12:00,GLAPHA,1356.0,1380.0,1315.0,1341.85,18542,
2016-12-02 12:12:00,GLAPHA,1349.4,1374.25,1342.58,1360.78,3856,
2016-12-05 12:12:00,GLAPHA,1363.5,1393.5,1351.5,1386.75,8040,
2016-12-06 12:12:00,GLAPHA,1389.98,1390.0,1370.25,1385.1,4432,
2016-12-07 12:12:00,GLAPHA,1385.5,1385.5,1352.5,1367.33,8221,
2016-12-08 12:12:00,GLAPHA,1366.05,1382.5,1360.5,1369.73,4023,
2016-12-09 12:12:00,GLAPHA,1362.5,1387.2,1362.5,1369.03,5957,
2016-12-12 12:12:00,GLAPHA,1368.48,1372.48,1358.0,1367.88,4206,
2016-12-13 12:12:00,GLAPHA,1373.0,1373.0,1353.43,1367.93,5848,
2016-12-14 12:12:00,GLAPHA,1365.0,1379.9,1357.5,1369.75,3585,
2016-12-15 12:12:00,GLAPHA,1368.25,1375.0,1354.38,1370.63,5309,
2016-12-16 12:12:00,GLAPHA,1365.13,1373.98,1351.0,1356.15,5916,
2016-12-19 12:12:00,GLAPHA,1367.48,1367.48,1335.0,1356.48,5821,
2016-12-20 12:12:00,GLAPHA,1349.5,1359.8,1346.0,1354.98,3394,
2016-12-21 12:12:00,GLAPHA,1358.5,1380.0,1346.03,1362.18,17305,
2016-12-22 12:12:00,GLAPHA,1350.5,1360.95,1347.63,1356.75,5413,
2016-12-23 12:12:00,GLAPHA,1354.95,1397.35,1350.35,1363.5,11153,
2016-12-26 12:12:00,GLAPHA,1351.5,1370.0,1338.5,1361.75,3953,
2016-12-27 12:12:00,GLAPHA,1361.48,1362.5,1341.5,1350.88,10600,
2016-12-28 12:12:00,GLAPHA,1350.88,1359.0,1345.0,1351.08,6050,
2016-12-29 12:12:00,GLAPHA,1351.03,1369.5,1345.98,1363.95,7649,
2016-12-30 12:12:00,GLAPHA,1365.0,1370.23,1352.5,1364.9,6513,
2017-01-02 12:01:00,GLAPHA,1362.5,1366.0,1355.9,1365.25,2424,
2017-01-03 12:01:00,GLAPHA,1371.98,1376.03,1352.6,1372.78,3567,
2017-01-04 12:01:00,GLAPHA,1372.98,1375.5,1366.9,1374.0,2402,
2017-01-05 12:01:00,GLAPHA,1365.03,1380.03,1365.0,1369.65,4525,
2017-01-06 12:01:00,GLAPHA,1371.8,1371.8,1357.5,1363.08,3982,
2017-01-09 12:01:00,GLAPHA,1364.0,1365.5,1354.45,1362.05,2952,
2017-01-10 12:01:00,GLAPHA,1361.0,1371.65,1355.0,1364.58,5602,
2017-01-11 12:01:00,GLAPHA,1355.68,1367.48,1355.65,1361.68,5418,
2017-01-12 12:01:00,GLAPHA,1360.0,1367.35,1352.5,1360.68,6275,
2017-01-13 12:01:00,GLAPHA,1357.53,1366.5,1355.5,1359.28,4965,
2017-01-16 12:01:00,GLAPHA,1355.53,1371.48,1355.53,1366.25,4151,
2017-01-17 12:01:00,GLAPHA,1367.63,1369.8,1356.25,1362.23,4769,
2017-01-18 12:01:00,GLAPHA,1360.98,1387.1,1357.5,1374.9,5209,
2017-01-19 12:01:00,GLAPHA,1368.78,1382.5,1365.5,1379.0,5506,
2017-01-20 12:01:00,GLAPHA,1365.53,1382.5,1365.53,1378.43,5016,
2017-01-23 12:01:00,GLAPHA,1371.03,1380.0,1358.25,1363.53,5061,
2017-01-24 12:01:00,GLAPHA,1368.98,1377.5,1355.0,1361.2,5581,
2017-01-25 12:01:00,GLAPHA,1363.5,1369.95,1360.0,1364.13,7644,
2017-01-27 12:01:00,GLAPHA,1360.0,1387.0,1355.0,1371.93,10898,
2017-01-30 12:01:00,GLAPHA,1374.5,1375.0,1361.68,1369.0,5618,
2017-01-31 12:01:00,GLAPHA,1363.55,1366.45,1355.0,1362.05,5372,
2017-02-01 12:02:00,GLAPHA,1356.68,1363.5,1349.03,1359.28,5661,
2017-02-02 12:02:00,GLAPHA,1355.2,1359.28,1339.85,1343.4,15234,
2017-02-03 12:02:00,GLAPHA,1343.43,1359.5,1333.05,1353.33,8285,
2017-02-06 12:02:00,GLAPHA,1353.33,1395.0,1345.5,1369.43,18096,
2017-02-07 12:02:00,GLAPHA,1371.38,1374.5,1357.5,1368.8,5277,
2017-02-08 12:02:00,GLAPHA,1364.0,1375.0,1360.0,1365.1,3901,
2017-02-09 12:02:00,GLAPHA,1366.4,1374.9,1356.35,1367.93,4432,
2017-02-10 12:02:00,GLAPHA,1362.38,1399.25,1361.5,1372.35,6317,
2017-02-13 12:02:00,GLAPHA,1357.5,1363.95,1343.5,1349.9,9919,
2017-02-14 12:02:00,GLAPHA,1351.2,1353.48,1335.53,1346.4,5989,
2017-02-15 12:02:00,GLAPHA,1346.4,1352.25,1332.5,1344.7,5123,
2017-02-16 12:02:00,GLAPHA,1342.65,1344.9,1328.5,1334.9,7858,
2017-02-17 12:02:00,GLAPHA,1339.93,1350.0,1338.28,1346.1,4317,
2017-02-20 12:02:00,GLAPHA,1347.5,1362.5,1331.0,1339.6,10633,
2017-02-21 12:02:00,GLAPHA,1340.03,1350.0,1336.5,1346.45,4653,
2017-02-22 12:02:00,GLAPHA,1344.75,1348.75,1332.5,1337.9,7792,
2017-02-23 12:02:00,GLAPHA,1338.03,1346.0,1329.93,1333.73,8258,
2017-02-27 12:02:00,GLAPHA,1339.5,1339.5,1328.1,1336.45,7259,
2017-02-28 12:02:00,GLAPHA,1336.45,1344.85,1330.28,1341.63,7421,
2017-03-01 12:03:00,GLAPHA,1349.5,1349.5,1337.5,1341.68,34023,
2017-03-02 12:03:00,GLAPHA,1346.95,1354.0,1331.0,1347.28,14588,
2017-03-03 12:03:00,GLAPHA,1348.9,1357.5,1340.03,1352.98,4582,
2017-03-06 12:03:00,GLAPHA,1355.03,1356.73,1335.2,1347.78,8168,
2017-03-07 12:03:00,GLAPHA,1350.0,1359.5,1341.2,1347.2,6908,
2017-03-08 12:03:00,GLAPHA,1347.85,1357.5,1342.1,1347.7,6844,
2017-03-09 12:03:00,GLAPHA,1351.4,1356.5,1340.05,1352.45,5404,
2017-03-10 12:03:00,GLAPHA,1357.0,1357.5,1343.03,1352.95,3845,
2017-03-14 12:03:00,GLAPHA,1363.0,1363.45,1342.05,1349.68,6578,
2017-03-15 12:03:00,GLAPHA,1348.18,1357.4,1341.53,1353.7,6780,
2017-03-16 12:03:00,GLAPHA,1354.0,1390.03,1345.13,1373.8,21978,
2017-03-17 12:03:00,GLAPHA,1381.0,1382.5,1363.5,1377.33,14365,
2017-03-20 12:03:00,GLAPHA,1378.0,1382.5,1351.05,1378.03,13965,
2017-03-21 12:03:00,GLAPHA,1374.38,1390.0,1370.0,1377.15,10362,
2017-03-22 12:03:00,GLAPHA,1362.63,1380.0,1362.63,1375.13,5166,
2017-03-23 12:03:00,GLAPHA,1365.68,1388.65,1364.0,1380.6,7941,
2017-03-24 12:03:00,GLAPHA,1380.5,1383.5,1367.55,1374.78,9247,
2017-03-27 12:03:00,GLAPHA,1369.5,1375.98,1362.5,1368.35,4754,
2017-03-28 12:03:00,GLAPHA,1362.5,1367.0,1344.0,1353.15,17720,
2017-03-29 12:03:00,GLAPHA,1364.5,1364.5,1342.5,1348.13,15020,
2017-03-30 12:03:00,GLAPHA,1346.0,1388.5,1337.5,1365.73,19214,
2017-03-31 12:03:00,GLAPHA,1365.73,1389.95,1357.5,1372.28,12625,
2017-04-03 12:04:00,GLAPHA,1372.5,1387.5,1354.0,1367.73,16128,
2017-04-05 12:04:00,GLAPHA,1369.5,1381.7,1360.5,1373.63,8377,
2017-04-06 12:04:00,GLAPHA,1373.35,1374.4,1361.0,1368.2,9376,
2017-04-07 12:04:00,GLAPHA,1360.0,1379.0,1356.48,1367.7,10826,
2017-04-10 12:04:00,GLAPHA,1367.7,1367.7,1354.5,1362.85,10791,
2017-04-11 12:04:00,GLAPHA,1366.48,1366.48,1351.0,1357.98,8645,
2017-04-12 12:04:00,GLAPHA,1358.9,1358.93,1336.0,1341.33,14009,
2017-04-13 12:04:00,GLAPHA,1337.5,1349.5,1335.5,1341.95,8385,
2017-04-17 12:04:00,GLAPHA,1340.05,1345.48,1332.0,1335.28,4271,
2017-04-18 12:04:00,GLAPHA,1336.5,1340.95,1310.5,1319.1,13383,
2017-04-19 12:04:00,GLAPHA,1320.0,1334.93,1287.5,1306.95,25105,
2017-04-20 12:04:00,GLAPHA,1306.5,1320.0,1300.03,1305.4,5611,
2017-04-21 12:04:00,GLAPHA,1305.4,1308.48,1292.5,1295.15,6379,
2017-04-24 12:04:00,GLAPHA,1292.5,1304.98,1285.0,1288.45,9464,
2017-04-25 12:04:00,GLAPHA,1292.0,1299.85,1282.08,1283.55,7850,
2017-04-26 12:04:00,GLAPHA,1293.5,1299.5,1273.5,1280.7,9804,
2017-04-27 12:04:00,GLAPHA,1274.0,1289.0,1271.0,1282.2,8540,
2017-04-28 12:04:00,GLAPHA,1284.0,1288.68,1245.0,1248.18,27080,
2017-05-02 12:05:00,GLAPHA,1249.3,1259.4,1198.28,1209.08,28774,
2017-05-03 12:05:00,GLAPHA,1213.45,1224.85,1209.0,1212.2,13087,
2017-05-04 12:05:00,GLAPHA,1212.0,1240.0,1212.0,1233.8,7048,
2017-05-05 12:05:00,GLAPHA,1234.0,1239.0,1217.45,1223.58,7689,
2017-05-08 12:05:00,GLAPHA,1225.03,1226.0,1214.1,1217.73,5133,
2017-05-09 12:05:00,GLAPHA,1219.0,1220.0,1207.05,1212.08,10341,
2017-05-10 12:05:00,GLAPHA,1212.5,1244.0,1206.0,1218.33,12276,
2017-05-11 12:05:00,GLAPHA,1223.9,1230.0,1210.0,1222.28,7824,
2017-05-12 12:05:00,GLAPHA,1222.03,1222.03,1205.1,1208.85,8928,
2017-05-15 12:05:00,GLAPHA,1210.0,1221.5,1201.0,1214.65,9772,
2017-05-16 12:05:00,GLAPHA,1214.65,1220.0,1209.55,1215.3,6582,
2017-05-17 12:05:00,GLAPHA,1222.5,1222.5,1207.5,1211.23,7333,
2017-05-18 12:05:00,GLAPHA,1203.88,1206.0,1199.0,1203.3,8869,
2017-05-19 12:05:00,GLAPHA,1204.2,1243.05,1200.0,1224.05,16192,
2017-05-22 12:05:00,GLAPHA,1224.05,1227.5,1210.0,1214.98,6241,
2017-05-23 12:05:00,GLAPHA,1207.88,1222.5,1196.5,1211.03,8303,
2017-05-24 12:05:00,GLAPHA,1210.0,1211.0,1190.5,1202.25,8857,
2017-05-25 12:05:00,GLAPHA,1202.0,1206.7,1180.5,1186.0,10916,
2017-05-26 12:05:00,GLAPHA,1180.6,1193.0,1176.45,1182.95,7409,
2017-05-29 12:05:00,GLAPHA,1182.53,1182.55,1150.88,1165.28,33156,
2017-05-30 12:05:00,GLAPHA,1165.5,1218.98,1150.5,1195.05,11376,
2017-05-31 12:05:00,GLAPHA,1195.7,1232.1,1185.83,1215.1,12013,
2017-06-01 12:06:00,GLAPHA,1220.0,1241.8,1218.5,1231.68,7089,
2017-06-02 12:06:00,GLAPHA,1240.08,1242.5,1226.28,1233.7,5308,
2017-06-05 12:06:00,GLAPHA,1234.0,1239.95,1226.03,1233.18,3820,
2017-06-06 12:06:00,GLAPHA,1239.95,1239.95,1212.55,1226.98,5734,
2017-06-07 12:06:00,GLAPHA,1234.0,1237.0,1215.5,1230.3,3414,
2017-06-08 12:06:00,GLAPHA,1235.0,1249.5,1220.35,1237.53,6926,
2017-06-09 12:06:00,GLAPHA,1240.45,1242.5,1230.0,1235.0,3930,
2017-06-12 12:06:00,GLAPHA,1233.95,1237.3,1227.5,1232.5,3327,
2017-06-13 12:06:00,GLAPHA,1230.0,1240.0,1230.0,1232.88,3443,
2017-06-14 12:06:00,GLAPHA,1230.0,1235.5,1225.0,1230.63,4235,
2017-06-15 12:06:00,GLAPHA,1226.68,1231.9,1220.6,1224.8,17860,
2017-06-16 12:06:00,GLAPHA,1221.0,1245.0,1100.6,1231.53,37583,
2017-06-19 12:06:00,GLAPHA,1231.5,1231.75,1208.0,1218.7,8351,
2017-06-20 12:06:00,GLAPHA,1219.03,1244.75,1215.03,1234.8,7139,
2017-06-21 12:06:00,GLAPHA,1230.2,1245.0,1224.0,1234.15,7852,
2017-06-22 12:06:00,GLAPHA,1237.88,1244.0,1225.0,1234.58,5442,
2017-06-23 12:06:00,GLAPHA,1229.98,1244.98,1217.03,1237.88,10033,
2017-06-27 12:06:00,GLAPHA,1247.5,1249.95,1221.1,1237.75,7943,
2017-06-28 12:06:00,GLAPHA,1221.5,1239.45,1216.0,1232.15,11798,
2017-06-29 12:06:00,GLAPHA,1233.45,1250.0,1219.5,1244.73,8704,
2017-06-30 12:06:00,GLAPHA,1237.5,1272.5,1230.53,1254.88,6773,
2017-07-03 12:07:00,GLAPHA,1264.0,1284.0,1252.6,1269.68,7031,
2017-07-04 12:07:00,GLAPHA,1266.53,1272.4,1247.5,1265.68,8500,
2017-07-05 12:07:00,GLAPHA,1263.75,1293.1,1256.03,1286.38,7775,
2017-07-06 12:07:00,GLAPHA,1275.7,1299.5,1270.5,1290.8,6829,
2017-07-07 12:07:00,GLAPHA,1297.85,1300.0,1280.0,1291.73,10698,
2017-07-10 12:07:00,GLAPHA,1297.53,1333.0,1277.0,1305.95,4665,
2017-07-11 12:07:00,GLAPHA,1305.0,1307.4,1290.08,1301.15,10787,
2017-07-12 12:07:00,GLAPHA,1299.98,1309.5,1288.5,1297.33,6828,
2017-07-13 12:07:00,GLAPHA,1300.03,1312.5,1285.0,1293.53,11644,
2017-07-14 12:07:00,GLAPHA,1278.0,1287.5,1262.63,1280.43,10111,
2017-07-17 12:07:00,GLAPHA,1274.53,1283.33,1262.5,1271.43,6366,
2017-07-18 12:07:00,GLAPHA,1267.48,1273.48,1256.0,1265.98,4144,
2017-07-19 12:07:00,GLAPHA,1265.5,1286.98,1255.5,1280.13,8585,
2017-07-20 12:07:00,GLAPHA,1277.53,1285.98,1267.5,1274.53,8512,
2017-07-24 12:07:00,GLAPHA,1262.5,1297.5,1259.6,1284.43,6207,
2017-07-25 12:07:00,GLAPHA,1291.98,1296.38,1231.0,1254.95,30686,
2017-07-26 12:07:00,GLAPHA,1255.0,1255.03,1235.0,1245.93,8295,
2017-07-27 12:07:00,GLAPHA,1245.9,1247.0,1227.65,1236.73,8974,
2017-07-28 12:07:00,GLAPHA,1232.5,1232.5,1213.13,1221.58,12135,
2017-07-31 12:07:00,GLAPHA,1220.0,1220.0,1191.6,1200.48,9029,
2017-08-01 12:08:00,GLAPHA,1199.5,1205.0,1185.0,1192.83,6298,
2017-08-02 12:08:00,GLAPHA,1185.0,1197.98,1177.05,1183.83,7369,
2017-08-03 12:08:00,GLAPHA,1176.65,1187.5,1172.85,1180.75,5792,
2017-08-04 12:08:00,GLAPHA,1172.5,1255.5,1164.05,1212.55,15387,
2017-08-07 12:08:00,GLAPHA,1209.55,1230.0,1195.05,1199.9,6545,
2017-08-08 12:08:00,GLAPHA,1197.5,1197.5,1176.78,1190.0,5133,
2017-08-09 12:08:00,GLAPHA,1187.5,1212.0,1158.05,1196.05,10473,
2017-08-10 12:08:00,GLAPHA,1177.53,1205.0,1162.0,1187.28,10605,
2017-08-11 12:08:00,GLAPHA,1174.5,1199.75,1163.68,1190.45,6296,
2017-08-14 12:08:00,GLAPHA,1198.5,1209.95,1177.28,1201.38,8247,
2017-08-16 12:08:00,GLAPHA,1202.0,1202.0,1177.83,1190.78,11416,
2017-08-17 12:08:00,GLAPHA,1199.0,1200.0,1180.5,1196.28,5830,
2017-08-21 12:08:00,GLAPHA,1194.0,1197.48,1180.03,1192.75,5204,
2017-08-22 12:08:00,GLAPHA,1191.05,1192.75,1176.0,1182.68,7928,
2017-08-23 12:08:00,GLAPHA,1193.25,1205.0,1180.0,1195.3,9525,
2017-08-28 12:08:00,GLAPHA,1207.48,1230.0,1188.5,1211.45,11646,
2017-08-29 12:08:00,GLAPHA,1201.03,1225.0,1197.5,1217.9,5327,
2017-08-30 12:08:00,GLAPHA,1205.63,1216.5,1200.55,1212.9,7679,
2017-08-31 12:08:00,GLAPHA,1207.83,1213.5,1193.03,1200.85,9577,
2017-09-01 12:09:00,GLAPHA,1209.0,1227.2,1203.5,1215.25,4976,
2017-09-04 12:09:00,GLAPHA,1219.95,1234.98,1196.58,1214.63,5256,
2017-09-05 12:09:00,GLAPHA,1212.5,1234.5,1208.25,1227.25,5446,
2017-09-06 12:09:00,GLAPHA,1211.0,1234.98,1211.0,1226.68,4804,
2017-09-07 12:09:00,GLAPHA,1226.68,1237.45,1215.3,1230.35,5617,
2017-09-08 12:09:00,GLAPHA,1227.35,1245.0,1218.95,1235.28,6660,
2017-09-11 12:09:00,GLAPHA,1233.88,1233.88,1212.75,1220.6,8625,
2017-09-12 12:09:00,GLAPHA,1217.5,1239.35,1210.0,1221.6,8008,
2017-09-13 12:09:00,GLAPHA,1221.03,1229.95,1198.6,1208.68,7253,
2017-09-14 12:09:00,GLAPHA,1204.03,1210.0,1185.0,1196.83,9646,
2017-09-15 12:09:00,GLAPHA,1192.85,1234.5,1187.55,1215.18,20875,
2017-09-18 12:09:00,GLAPHA,1212.65,1227.48,1203.25,1208.88,6290,
2017-09-19 12:09:00,GLAPHA,1207.53,1215.03,1190.25,1203.1,6671,
2017-09-20 12:09:00,GLAPHA,1192.55,1210.1,1192.5,1198.18,6948,
2017-09-21 12:09:00,GLAPHA,1202.18,1232.6,1190.0,1223.1,8637,
2017-09-22 12:09:00,GLAPHA,1220.0,1229.5,1205.0,1216.53,5899,
2017-09-25 12:09:00,GLAPHA,1226.05,1243.5,1201.08,1220.85,15787,
2017-09-26 12:09:00,GLAPHA,1209.0,1237.5,1208.2,1228.13,7294,
2017-09-27 12:09:00,GLAPHA,1211.5,1226.98,1190.0,1198.03,12914,
2017-09-28 12:09:00,GLAPHA,1192.53,1242.0,1185.0,1227.1,8643,
2017-09-29 12:09:00,GLAPHA,1225.0,1295.0,1212.75,1253.35,12299,
2017-10-03 12:10:00,GLAPHA,1274.98,1275.0,1230.0,1240.78,7973,
2017-10-04 12:10:00,GLAPHA,1236.88,1239.35,1215.0,1227.93,5822,
2017-10-05 12:10:00,GLAPHA,1224.5,1227.0,1216.53,1222.15,3521,
2017-10-06 12:10:00,GLAPHA,1224.95,1225.95,1200.55,1207.48,11750,
2017-10-09 12:10:00,GLAPHA,1207.03,1212.05,1198.03,1205.8,3737,
2017-10-10 12:10:00,GLAPHA,1209.93,1210.75,1195.15,1205.03,5872,
2017-10-11 12:10:00,GLAPHA,1205.05,1207.43,1191.1,1197.5,4185,
2017-10-12 12:10:00,GLAPHA,1190.13,1234.2,1185.5,1214.0,10916,
2017-10-13 12:10:00,GLAPHA,1206.0,1244.0,1206.0,1231.68,7822,
2017-10-16 12:10:00,GLAPHA,1243.98,1244.0,1212.73,1231.78,7697,
2017-10-17 12:10:00,GLAPHA,1232.0,1237.0,1218.15,1225.9,4443,
2017-10-18 12:10:00,GLAPHA,1223.53,1234.43,1214.0,1227.25,4888,
2017-10-19 12:10:00,GLAPHA,1225.0,1225.0,1212.1,1218.85,1007,
2017-10-23 12:10:00,GLAPHA,1213.0,1235.0,1210.85,1224.63,6920,
2017-10-24 12:10:00,GLAPHA,1223.98,1239.0,1215.05,1228.45,5864,
2017-10-25 12:10:00,GLAPHA,1235.0,1235.0,1187.6,1212.28,46184,
2017-10-26 12:10:00,GLAPHA,1225.0,1268.5,1220.0,1254.63,26000,
2017-10-27 12:10:00,GLAPHA,1269.0,1275.0,1252.7,1269.53,11658,
2017-10-30 12:10:00,GLAPHA,1275.0,1290.98,1269.05,1277.93,11043,
2017-10-31 12:10:00,GLAPHA,1280.0,1299.0,1274.68,1293.08,16361,
2017-11-01 12:11:00,GLAPHA,1293.08,1330.0,1286.15,1317.03,13673,
2017-11-02 12:11:00,GLAPHA,1321.98,1332.98,1305.0,1316.43,10138,
2017-11-03 12:11:00,GLAPHA,1305.58,1347.5,1299.0,1330.03,9249,
2017-11-06 12:11:00,GLAPHA,1335.0,1350.0,1325.0,1334.4,12472,
2017-11-07 12:11:00,GLAPHA,1339.0,1340.0,1316.1,1327.95,6980,
2017-11-08 12:11:00,GLAPHA,1322.88,1322.88,1300.35,1314.55,9192,
2017-11-09 12:11:00,GLAPHA,1321.68,1334.5,1303.5,1320.38,6464,
2017-11-10 12:11:00,GLAPHA,1304.13,1334.45,1304.13,1322.23,7775,
2017-11-13 12:11:00,GLAPHA,1322.5,1325.0,1300.03,1317.75,5024,
2017-11-14 12:11:00,GLAPHA,1309.5,1314.95,1289.98,1303.93,8311,
2017-11-15 12:11:00,GLAPHA,1291.0,1299.98,1267.55,1277.95,7776,
2017-11-16 12:11:00,GLAPHA,1290.0,1312.5,1249.48,1282.68,11480,
2017-11-17 12:11:00,GLAPHA,1285.4,1299.43,1237.75,1256.9,26029,
2017-11-20 12:11:00,GLAPHA,1257.5,1259.48,1238.6,1246.45,10810,
2017-11-21 12:11:00,GLAPHA,1240.0,1262.7,1235.0,1246.33,11834,
2017-11-22 12:11:00,GLAPHA,1245.0,1259.68,1241.53,1252.7,7009,
2017-11-23 12:11:00,GLAPHA,1244.08,1264.0,1242.53,1251.65,10915,
2017-11-24 12:11:00,GLAPHA,1250.05,1255.0,1242.53,1250.63,8194,
2017-11-27 12:11:00,GLAPHA,1248.0,1251.98,1240.0,1245.5,4852,
2017-11-28 12:11:00,GLAPHA,1254.95,1254.95,1225.58,1232.68,7226,
2017-11-29 12:11:00,GLAPHA,1236.18,1238.98,1217.63,1226.18,10769,
2017-11-30 12:11:00,GLAPHA,1229.9,1247.55,1222.5,1241.25,6423,
2017-12-01 12:12:00,GLAPHA,1230.8,1240.88,1220.0,1226.05,6554,
2017-12-04 12:12:00,GLAPHA,1226.53,1249.0,1213.5,1232.13,7705,
2017-12-05 12:12:00,GLAPHA,1226.15,1250.0,1223.58,1241.78,7183,
2017-12-06 12:12:00,GLAPHA,1239.95,1255.98,1218.1,1224.2,12776,
2017-12-07 12:12:00,GLAPHA,1229.5,1233.5,1217.5,1223.93,8622,
2017-12-08 12:12:00,GLAPHA,1217.2,1247.0,1217.2,1234.08,10493,
2017-12-11 12:12:00,GLAPHA,1232.43,1233.75,1217.6,1227.05,10443,
2017-12-12 12:12:00,GLAPHA,1220.0,1225.0,1216.28,1220.53,3238,
2017-12-13 12:12:00,GLAPHA,1220.5,1222.38,1200.75,1209.5,9160,
2017-12-14 12:12:00,GLAPHA,1212.3,1212.5,1195.0,1199.3,10725,
2017-12-15 12:12:00,GLAPHA,1195.65,1207.5,1175.53,1184.55,20541,
2017-12-18 12:12:00,GLAPHA,1185.5,1209.0,1166.53,1196.63,12271,
2017-12-19 12:12:00,GLAPHA,1196.5,1223.0,1190.53,1217.45,21178,
2017-12-20 12:12:00,GLAPHA,1219.0,1223.98,1206.03,1211.03,11202,
2017-12-21 12:12:00,GLAPHA,1207.75,1247.0,1207.75,1232.88,10171,
2017-12-22 12:12:00,GLAPHA,1225.0,1245.98,1213.7,1222.03,16427,
2017-12-26 12:12:00,GLAPHA,1225.03,1234.5,1205.23,1212.1,13580,
2017-12-27 12:12:00,GLAPHA,1220.0,1221.73,1210.0,1213.9,7034,
2017-12-28 12:12:00,GLAPHA,1209.5,1237.0,1197.53,1220.2,30036,
2017-12-29 12:12:00,GLAPHA,1231.33,1267.35,1211.03,1244.65,20312,
2018-01-01 12:01:00,GLAPHA,1245.0,1245.0,1227.0,1231.5,8292,
2018-01-02 12:01:00,GLAPHA,1235.0,1249.0,1221.0,1233.0,13299,
2018-01-03 12:01:00,GLAPHA,1237.5,1249.0,1221.25,1229.65,16057,
2018-01-04 12:01:00,GLAPHA,1225.5,1244.0,1225.5,1238.78,9471,
2018-01-05 12:01:00,GLAPHA,1237.0,1249.88,1230.1,1244.1,12309,
2018-01-08 12:01:00,GLAPHA,1244.1,1266.98,1237.05,1254.78,14079,
2018-01-09 12:01:00,GLAPHA,1248.5,1253.8,1230.5,1243.78,16572,
2018-01-10 12:01:00,GLAPHA,1237.55,1242.78,1229.25,1235.03,17843,
2018-01-11 12:01:00,GLAPHA,1242.38,1265.0,1235.0,1240.15,13513,
2018-01-12 12:01:00,GLAPHA,1247.4,1247.53,1229.88,1234.98,14791,
2018-01-15 12:01:00,GLAPHA,1234.98,1245.2,1232.5,1237.53,14803,
2018-01-16 12:01:00,GLAPHA,1237.43,1242.5,1227.53,1234.88,15130,
2018-01-17 12:01:00,GLAPHA,1230.68,1257.0,1226.5,1243.18,16956,
2018-01-18 12:01:00,GLAPHA,1255.58,1255.58,1232.53,1236.63,14738,
2018-01-19 12:01:00,GLAPHA,1238.95,1244.5,1227.5,1236.8,15802,
2018-01-22 12:01:00,GLAPHA,1225.38,1236.63,1206.5,1231.53,12715,
2018-01-23 12:01:00,GLAPHA,1236.5,1239.0,1221.13,1229.45,15567,
2018-01-24 12:01:00,GLAPHA,1237.5,1237.5,1220.9,1225.08,16173,
2018-01-25 12:01:00,GLAPHA,1222.5,1239.0,1220.0,1233.35,13345,
2018-01-29 12:01:00,GLAPHA,1240.0,1240.0,1218.6,1224.78,12073,
2018-01-30 12:01:00,GLAPHA,1218.65,1237.43,1215.05,1228.15,9505,
2018-01-31 12:01:00,GLAPHA,1224.98,1234.28,1218.5,1230.3,10599,
2018-02-01 12:02:00,GLAPHA,1223.93,1232.5,1217.55,1229.58,8351,
2018-02-02 12:02:00,GLAPHA,1231.33,1247.0,1207.0,1233.93,11220,
2018-02-05 12:02:00,GLAPHA,1230.0,1250.5,1206.65,1239.5,14091,
2018-02-06 12:02:00,GLAPHA,1225.0,1239.5,1210.7,1232.3,14494,
2018-02-07 12:02:00,GLAPHA,1230.08,1237.75,1207.5,1220.0,8597,
2018-02-08 12:02:00,GLAPHA,1228.48,1237.0,1216.03,1230.83,9975,
2018-02-09 12:02:00,GLAPHA,1216.0,1237.0,1216.0,1233.13,8985,
2018-02-12 12:02:00,GLAPHA,1222.5,1239.5,1216.48,1224.53,11599,
2018-02-14 12:02:00,GLAPHA,1220.05,1239.5,1216.35,1229.53,10056,
2018-02-15 12:02:00,GLAPHA,1221.08,1229.0,1215.03,1224.3,10015,
2018-02-16 12:02:00,GLAPHA,1220.0,1224.3,1207.0,1219.23,10415,
2018-02-19 12:02:00,GLAPHA,1222.0,1222.5,1207.08,1216.78,9187,
2018-02-20 12:02:00,GLAPHA,1208.78,1217.93,1204.5,1209.53,10457,
2018-02-21 12:02:00,GLAPHA,1208.53,1208.53,1188.13,1194.45,11251,
2018-02-22 12:02:00,GLAPHA,1190.0,1220.0,1182.55,1205.98,9903,
2018-02-23 12:02:00,GLAPHA,1205.0,1212.5,1191.0,1202.35,17257,
2018-02-26 12:02:00,GLAPHA,1202.35,1215.03,1196.13,1204.2,14978,
2018-02-27 12:02:00,GLAPHA,1208.35,1208.35,1190.83,1196.7,8925,
2018-02-28 12:02:00,GLAPHA,1192.0,1207.5,1185.68,1192.08,13950,
2018-03-01 12:03:00,GLAPHA,1198.85,1198.85,1186.1,1189.45,5259,
2018-03-05 12:03:00,GLAPHA,1198.4,1215.0,1175.5,1193.05,20725,
2018-03-06 12:03:00,GLAPHA,1182.53,1192.5,1160.03,1172.0,12564,
2018-03-07 12:03:00,GLAPHA,1166.25,1166.25,1139.0,1145.98,11354,
2018-03-08 12:03:00,GLAPHA,1142.8,1148.5,1130.8,1143.13,13588,
2018-03-09 12:03:00,GLAPHA,1138.13,1143.0,1126.33,1136.4,7381,
2018-03-12 12:03:00,GLAPHA,1134.5,1141.48,1121.1,1128.08,8479,
2018-03-13 12:03:00,GLAPHA,1129.0,1145.0,1125.0,1134.65,9145,
2018-03-14 12:03:00,GLAPHA,1130.0,1149.5,1130.0,1144.68,7823,
2018-03-15 12:03:00,GLAPHA,1140.3,1191.0,1134.03,1145.78,9241,
2018-03-16 12:03:00,GLAPHA,1147.0,1147.0,1105.05,1114.13,21053,
2018-03-19 12:03:00,GLAPHA,1119.9,1119.9,1105.0,1113.83,8689,
2018-03-20 12:03:00,GLAPHA,1112.98,1117.13,1101.1,1113.03,12635,
2018-03-21 12:03:00,GLAPHA,1118.35,1118.35,1105.0,1112.25,10632,
2018-03-22 12:03:00,GLAPHA,1115.0,1115.0,1100.5,1107.53,9254,
2018-03-23 12:03:00,GLAPHA,1100.0,1100.6,1083.05,1087.15,11330,
2018-03-26 12:03:00,GLAPHA,1093.98,1093.98,1066.5,1073.9,15770,
2018-03-27 12:03:00,GLAPHA,1073.9,1079.25,1064.5,1068.63,13850,
2018-03-28 12:03:00,GLAPHA,1068.5,1074.83,1020.9,1043.88,36755,
2018-04-02 12:04:00,GLAPHA,1043.88,1092.48,1010.0,1051.9,10235,
2018-04-03 12:04:00,GLAPHA,1049.2,1087.4,1045.63,1078.8,9461,
2018-04-04 12:04:00,GLAPHA,1086.4,1101.13,1079.05,1095.93,6501,
2018-04-05 12:04:00,GLAPHA,1096.08,1136.98,1088.08,1117.25,15097,
2018-04-06 12:04:00,GLAPHA,1122.5,1149.0,1112.5,1138.28,8916,
2018-04-09 12:04:00,GLAPHA,1138.5,1154.5,1127.83,1149.23,9353,
2018-04-10 12:04:00,GLAPHA,1144.93,1154.0,1131.25,1148.63,9957,
2018-04-11 12:04:00,GLAPHA,1143.78,1159.5,1134.95,1152.93,8280,
2018-04-12 12:04:00,GLAPHA,1149.4,1170.0,1141.5,1161.98,7083,
2018-04-13 12:04:00,GLAPHA,1162.35,1174.75,1150.0,1170.9,9162,
2018-04-16 12:04:00,GLAPHA,1152.88,1178.0,1152.88,1174.8,7652,
2018-04-17 12:04:00,GLAPHA,1175.0,1197.5,1166.5,1190.83,11210,
2018-04-18 12:04:00,GLAPHA,1196.0,1201.0,1171.15,1180.1,9895,
2018-04-19 12:04:00,GLAPHA,1178.2,1197.0,1178.2,1192.98,6594,
2018-04-20 12:04:00,GLAPHA,1190.25,1225.0,1183.93,1215.55,13770,
2018-04-23 12:04:00,GLAPHA,1217.88,1220.03,1202.5,1209.28,7848,
2018-04-24 12:04:00,GLAPHA,1207.1,1209.5,1185.5,1192.73,8291,
2018-04-25 12:04:00,GLAPHA,1189.83,1189.83,1167.88,1175.33,6403,
2018-04-26 12:04:00,GLAPHA,1172.5,1172.5,1155.05,1166.68,8078,
2018-04-27 12:04:00,GLAPHA,1167.53,1175.5,1155.13,1168.98,7623,
2018-04-30 12:04:00,GLAPHA,1167.0,1175.0,1162.05,1171.85,5697,
2018-05-02 12:05:00,GLAPHA,1160.5,1175.0,1160.5,1170.2,6498,
2018-05-03 12:05:00,GLAPHA,1168.28,1177.35,1153.98,1173.1,6441,
2018-05-04 12:05:00,GLAPHA,1172.28,1195.0,1156.38,1178.63,10934,
2018-05-07 12:05:00,GLAPHA,1191.0,1191.0,1154.55,1166.3,11455,
2018-05-08 12:05:00,GLAPHA,1164.85,1187.5,1156.75,1176.9,8580,
2018-05-09 12:05:00,GLAPHA,1176.9,1197.5,1163.68,1189.63,7817,
2018-05-10 12:05:00,GLAPHA,1192.5,1208.0,1177.5,1201.85,10942,
2018-05-11 12:05:00,GLAPHA,1189.0,1216.95,1189.0,1209.15,8711,
2018-05-14 12:05:00,GLAPHA,1215.0,1227.2,1205.0,1221.25,12095,
2018-05-15 12:05:00,GLAPHA,1221.25,1269.5,1200.0,1215.95,16536,
2018-05-16 12:05:00,GLAPHA,1214.5,1220.0,1200.0,1212.5,11824,
2018-05-17 12:05:00,GLAPHA,1209.95,1214.0,1197.5,1203.58,8129,
2018-05-18 12:05:00,GLAPHA,1199.98,1204.98,1188.7,1199.08,6860,
2018-05-21 12:05:00,GLAPHA,1180.25,1222.5,1170.15,1188.3,8325,
2018-05-22 12:05:00,GLAPHA,1188.5,1223.75,1176.05,1208.58,7412,
2018-05-23 12:05:00,GLAPHA,1218.5,1218.5,1190.03,1202.35,8317,
2018-05-24 12:05:00,GLAPHA,1200.0,1206.85,1181.0,1193.68,4697,
2018-05-25 12:05:00,GLAPHA,1180.03,1189.0,1163.18,1180.45,10981,
2018-05-28 12:05:00,GLAPHA,1173.88,1210.0,1170.53,1200.95,8386,
2018-05-29 12:05:00,GLAPHA,1199.0,1214.48,1190.0,1208.2,9028,
2018-05-30 12:05:00,GLAPHA,1207.0,1236.7,1194.23,1232.0,11204,
2018-05-31 12:05:00,GLAPHA,1249.0,1276.65,1235.03,1273.45,19902,
2018-06-01 12:06:00,GLAPHA,1274.5,1296.65,1251.25,1261.8,12837,
2018-06-04 12:06:00,GLAPHA,1269.9,1269.9,1251.38,1260.25,7331,
2018-06-05 12:06:00,GLAPHA,1250.63,1269.5,1250.63,1263.23,6271,
2018-06-06 12:06:00,GLAPHA,1259.9,1287.5,1255.0,1280.35,7471,
2018-06-07 12:06:00,GLAPHA,1285.35,1300.0,1272.95,1294.13,9862,
2018-06-08 12:06:00,GLAPHA,1289.0,1320.0,1281.0,1314.95,12298,
2018-06-11 12:06:00,GLAPHA,1315.0,1337.5,1300.5,1330.55,12026,
2018-06-12 12:06:00,GLAPHA,1332.0,1357.5,1320.35,1350.38,17113,
2018-06-13 12:06:00,GLAPHA,1351.0,1413.5,1340.8,1401.75,59754,
2018-06-14 12:06:00,GLAPHA,1405.0,1421.0,1367.0,1385.43,33468,
2018-06-15 12:06:00,GLAPHA,1385.0,1404.6,1370.5,1374.15,25287,
2018-06-18 12:06:00,GLAPHA,1375.0,1416.7,1370.58,1402.55,22532,
2018-06-19 12:06:00,GLAPHA,1400.58,1415.0,1388.65,1400.85,14206,
2018-06-20 12:06:00,GLAPHA,1400.05,1435.0,1392.5,1406.35,25344,
2018-06-21 12:06:00,GLAPHA,1406.5,1409.98,1386.53,1392.93,7526,
2018-06-22 12:06:00,GLAPHA,1390.98,1417.0,1375.5,1404.45,16373,
2018-06-25 12:06:00,GLAPHA,1404.0,1415.0,1385.0,1393.13,8799,
2018-06-26 12:06:00,GLAPHA,1392.5,1429.98,1385.0,1422.33,16236,
2018-06-27 12:06:00,GLAPHA,1418.5,1422.5,1392.5,1400.88,16617,
2018-06-28 12:06:00,GLAPHA,1388.0,1402.0,1380.0,1386.13,8752,
2018-06-29 12:06:00,GLAPHA,1387.18,1412.4,1385.0,1398.23,13465,
2018-07-02 12:07:00,GLAPHA,1410.0,1412.5,1382.5,1402.85,10541,
2018-07-03 12:07:00,GLAPHA,1397.5,1424.0,1390.95,1417.23,10964,
2018-07-04 12:07:00,GLAPHA,1428.9,1497.45,1417.0,1451.05,77516,
2018-07-05 12:07:00,GLAPHA,1456.5,1462.5,1435.05,1440.38,15568,
2018-07-06 12:07:00,GLAPHA,1446.5,1449.45,1426.38,1432.48,10739,
2018-07-09 12:07:00,GLAPHA,1437.5,1449.5,1426.15,1432.4,7273,
2018-07-10 12:07:00,GLAPHA,1441.8,1441.8,1420.98,1432.33,10307,
2018-07-11 12:07:00,GLAPHA,1425.03,1433.95,1407.5,1419.25,7891,
2018-07-12 12:07:00,GLAPHA,1425.0,1429.28,1410.5,1422.75,7974,
2018-07-13 12:07:00,GLAPHA,1415.1,1429.25,1400.13,1423.53,8933,
2018-07-16 12:07:00,GLAPHA,1410.18,1421.8,1402.5,1410.3,8194,
2018-07-17 12:07:00,GLAPHA,1410.05,1447.98,1399.93,1416.0,15246,
2018-07-18 12:07:00,GLAPHA,1411.0,1429.93,1382.5,1391.65,13931,
2018-07-19 12:07:00,GLAPHA,1392.0,1396.48,1375.0,1385.33,7878,
2018-07-20 12:07:00,GLAPHA,1377.58,1387.5,1366.0,1384.58,6149,
2018-07-23 12:07:00,GLAPHA,1400.0,1400.0,1380.43,1390.33,7609,
2018-07-24 12:07:00,GLAPHA,1409.35,1624.48,1387.5,1576.13,257696,
2018-07-25 12:07:00,GLAPHA,1576.2,1587.93,1544.28,1566.3,46554,
2018-07-26 12:07:00,GLAPHA,1566.3,1587.45,1562.5,1580.93,22313,
2018-07-27 12:07:00,GLAPHA,1585.0,1603.5,1562.5,1589.9,22368,
2018-07-30 12:07:00,GLAPHA,1596.45,1604.5,1571.5,1582.75,14815,
2018-07-31 12:07:00,GLAPHA,1577.5,1601.48,1567.65,1594.45,13423,
2018-08-01 12:08:00,GLAPHA,1581.5,1596.98,1579.5,1592.45,10967,
2018-08-02 12:08:00,GLAPHA,1592.5,1602.5,1587.6,1595.33,10521,
2018-08-03 12:08:00,GLAPHA,1595.33,1655.0,1589.03,1646.85,48660,
2018-08-06 12:08:00,GLAPHA,1653.08,1655.0,1625.0,1630.15,17401,
2018-08-07 12:08:00,GLAPHA,1630.15,1644.85,1625.0,1633.95,10518,
2018-08-08 12:08:00,GLAPHA,1634.48,1669.98,1633.98,1644.03,23151,
2018-08-09 12:08:00,GLAPHA,1655.0,1662.5,1642.5,1647.4,10332,
2018-08-10 12:08:00,GLAPHA,1647.5,1655.0,1630.0,1643.45,8998,
2018-08-13 12:08:00,GLAPHA,1643.45,1654.0,1630.0,1633.55,9046,
2018-08-14 12:08:00,GLAPHA,1637.5,1647.5,1630.05,1643.93,6824,
2018-08-16 12:08:00,GLAPHA,1650.0,1661.0,1632.5,1636.7,10819,
2018-08-17 12:08:00,GLAPHA,1650.0,1687.88,1637.5,1649.73,28330,
2018-08-20 12:08:00,GLAPHA,1653.95,1699.0,1652.53,1672.08,21302,
2018-08-21 12:08:00,GLAPHA,1678.9,1680.0,1657.68,1665.88,12285,
2018-08-23 12:08:00,GLAPHA,1663.8,1694.25,1663.0,1668.18,21016,
2018-08-24 12:08:00,GLAPHA,1669.0,1687.0,1656.75,1681.18,26510,
2018-08-27 12:08:00,GLAPHA,1690.0,1720.0,1682.5,1690.13,44628,
2018-08-28 12:08:00,GLAPHA,1702.8,1708.98,1666.0,1677.18,47050,
2018-08-29 12:08:00,GLAPHA,1682.5,1695.5,1663.6,1670.38,22586,
2018-08-30 12:08:00,GLAPHA,1670.0,1700.0,1665.0,1693.65,22302,
2018-08-31 12:08:00,GLAPHA,1711.5,1737.48,1693.0,1714.18,63025,
2018-09-03 12:09:00,GLAPHA,1729.0,1758.48,1721.0,1735.3,50807,
2018-09-04 12:09:00,GLAPHA,1748.5,1748.5,1709.0,1721.88,42700,
2018-09-05 12:09:00,GLAPHA,1734.4,1737.28,1708.0,1726.6,23951,
2018-09-06 12:09:00,GLAPHA,1730.03,1738.13,1722.5,1730.95,20993,
2018-09-07 12:09:00,GLAPHA,1742.5,1774.3,1725.53,1748.65,83584,
2018-09-10 12:09:00,GLAPHA,1748.65,1800.0,1748.65,1795.05,85811,
2018-09-11 12:09:00,GLAPHA,1800.0,1800.05,1722.05,1748.55,73834,
2018-09-12 12:09:00,GLAPHA,1740.0,1777.0,1701.0,1721.75,30085,
2018-09-14 12:09:00,GLAPHA,1734.65,1744.0,1708.0,1716.25,29717,
2018-09-17 12:09:00,GLAPHA,1724.0,1735.0,1690.1,1698.55,13244,
2018-09-18 12:09:00,GLAPHA,1710.0,1712.55,1661.0,1666.85,14526,
2018-09-19 12:09:00,GLAPHA,1698.9,1698.9,1600.0,1662.95,31327,
2018-09-21 12:09:00,GLAPHA,1690.0,1694.0,1420.0,1609.45,47713,
2018-09-24 12:09:00,GLAPHA,1624.55,1624.55,1487.05,1504.95,44610,
2018-09-25 12:09:00,GLAPHA,1504.0,1504.0,1455.0,1468.75,28284,
2018-09-26 12:09:00,GLAPHA,1489.95,1529.0,1475.0,1518.55,15391,
2018-09-27 12:09:00,GLAPHA,1528.9,1528.9,1477.1,1497.9,11876,
2018-09-28 12:09:00,GLAPHA,1487.35,1511.75,1421.0,1449.3,18892,
2018-10-01 12:10:00,GLAPHA,1460.9,1460.9,1408.0,1450.65,14986,
2018-10-03 12:10:00,GLAPHA,1466.8,1474.8,1435.0,1463.2,10811,
2018-10-04 12:10:00,GLAPHA,1450.0,1450.0,1327.4,1360.8,55002,
2018-10-05 12:10:00,GLAPHA,1360.0,1400.0,1350.0,1360.25,22596,
2018-10-08 12:10:00,GLAPHA,1360.0,1360.0,1300.0,1332.85,24085,
2018-10-09 12:10:00,GLAPHA,1332.85,1364.0,1310.0,1347.4,21911,
2018-10-10 12:10:00,GLAPHA,1370.0,1428.75,1350.65,1403.25,18484,
2018-10-11 12:10:00,GLAPHA,1393.95,1393.95,1357.8,1372.7,8638,
2018-10-12 12:10:00,GLAPHA,1373.2,1413.1,1373.2,1407.1,12111,
2018-10-15 12:10:00,GLAPHA,1439.7,1439.7,1395.05,1433.55,17326,
2018-10-16 12:10:00,GLAPHA,1458.85,1464.95,1425.35,1456.3,10423,
2018-10-17 12:10:00,GLAPHA,1483.0,1483.0,1428.0,1451.5,34877,
2018-10-19 12:10:00,GLAPHA,1426.0,1463.8,1410.0,1416.55,9693,
2018-10-22 12:10:00,GLAPHA,1419.95,1426.0,1351.95,1388.85,37756,
2018-10-23 12:10:00,GLAPHA,1378.0,1378.0,1330.0,1352.05,16451,
2018-10-24 12:10:00,GLAPHA,1350.0,1350.0,1300.1,1314.2,21369,
2018-10-25 12:10:00,GLAPHA,1300.0,1304.0,1271.05,1280.7,16347,
2018-10-26 12:10:00,GLAPHA,1280.0,1305.0,1251.0,1288.4,12425,
2018-10-29 12:10:00,GLAPHA,1300.0,1350.0,1286.0,1343.1,12115,
2018-10-30 12:10:00,GLAPHA,1353.8,1399.0,1323.35,1385.85,17720,
2018-10-31 12:10:00,GLAPHA,1384.0,1444.0,1363.8,1420.25,11970,
2018-11-01 12:11:00,GLAPHA,1460.0,1460.0,1404.25,1422.3,10839,
2018-11-02 12:11:00,GLAPHA,1446.0,1450.0,1415.0,1440.5,10606,
2018-11-05 12:11:00,GLAPHA,1449.95,1455.0,1330.1,1359.95,46571,
2018-11-06 12:11:00,GLAPHA,1365.0,1381.05,1347.0,1357.05,10348,
2018-11-07 12:11:00,GLAPHA,1373.6,1389.0,1366.4,1383.2,4387,
2018-11-09 12:11:00,GLAPHA,1396.0,1430.0,1375.0,1420.15,12095,
2018-11-12 12:11:00,GLAPHA,1408.3,1429.9,1380.5,1398.1,8944,
2018-11-13 12:11:00,GLAPHA,1385.1,1404.95,1375.0,1387.75,8639,
2018-11-14 12:11:00,GLAPHA,1380.0,1395.0,1355.0,1366.05,10416,
2018-11-15 12:11:00,GLAPHA,1368.0,1391.95,1322.3,1344.7,12781,
2018-11-16 12:11:00,GLAPHA,1332.5,1359.95,1332.5,1349.8,10271,
2018-11-19 12:11:00,GLAPHA,1360.0,1360.0,1328.0,1351.3,9775,
2018-11-20 12:11:00,GLAPHA,1360.0,1365.0,1335.1,1355.5,7217,
2018-11-21 12:11:00,GLAPHA,1357.9,1369.9,1335.1,1354.55,6687,
2018-11-22 12:11:00,GLAPHA,1374.8,1374.8,1340.0,1351.15,4557,
2018-11-26 12:11:00,GLAPHA,1350.1,1358.5,1336.05,1354.7,7411,
2018-11-27 12:11:00,GLAPHA,1336.3,1353.5,1330.0,1338.35,13563,
2018-11-28 12:11:00,GLAPHA,1342.35,1345.65,1313.0,1324.1,12245,
2018-11-29 12:11:00,GLAPHA,1339.95,1351.9,1326.0,1342.25,9358,
2018-11-30 12:11:00,GLAPHA,1346.9,1377.55,1340.1,1360.5,11965,
2018-12-03 12:12:00,GLAPHA,1360.0,1415.5,1338.3,1381.0,26552,
2018-12-04 12:12:00,GLAPHA,1401.0,1448.85,1375.0,1395.85,24529,
2018-12-05 12:12:00,GLAPHA,1399.35,1400.0,1360.35,1376.4,9623,
2018-12-06 12:12:00,GLAPHA,1356.0,1364.85,1345.05,1355.1,8499,
2018-12-07 12:12:00,GLAPHA,1348.0,1398.0,1340.0,1354.1,8168,
2018-12-10 12:12:00,GLAPHA,1341.55,1368.35,1324.3,1355.25,10404,
2018-12-11 12:12:00,GLAPHA,1341.75,1390.0,1323.8,1366.4,8534,
2018-12-12 12:12:00,GLAPHA,1377.0,1395.8,1358.45,1388.15,11153,
2018-12-13 12:12:00,GLAPHA,1399.95,1410.0,1371.3,1402.05,9918,
2018-12-14 12:12:00,GLAPHA,1410.0,1410.5,1379.2,1384.35,9299,
2018-12-17 12:12:00,GLAPHA,1381.2,1420.0,1377.55,1411.05,15465,
2018-12-18 12:12:00,GLAPHA,1405.0,1428.95,1392.8,1421.8,9555,
2018-12-19 12:12:00,GLAPHA,1429.9,1470.0,1412.45,1454.6,23388,
2018-12-20 12:12:00,GLAPHA,1454.6,1494.0,1450.9,1471.2,26223,
2018-12-21 12:12:00,GLAPHA,1474.0,1474.0,1397.0,1445.4,20571,
2018-12-24 12:12:00,GLAPHA,1450.0,1465.0,1411.0,1455.3,12347,
2018-12-26 12:12:00,GLAPHA,1455.3,1520.0,1420.0,1497.1,17872,
2018-12-27 12:12:00,GLAPHA,1504.25,1515.0,1472.0,1505.65,15565,
2018-12-28 12:12:00,GLAPHA,1508.2,1515.0,1487.0,1512.05,13948,
2018-12-31 12:12:00,GLAPHA,1510.1,1519.0,1494.75,1515.35,13299,
2019-01-01 12:01:00,GLAPHA,1500.35,1510.95,1490.0,1498.0,4785,
2019-01-02 12:01:00,GLAPHA,1512.0,1512.0,1487.75,1497.55,6845,
2019-01-03 12:01:00,GLAPHA,1497.55,1510.0,1444.95,1472.05,13004,
2019-01-04 12:01:00,GLAPHA,1478.3,1482.0,1439.95,1450.0,15084,
2019-01-07 12:01:00,GLAPHA,1450.0,1464.45,1442.6,1457.9,8561,
2019-01-08 12:01:00,GLAPHA,1450.1,1459.8,1431.1,1447.85,11747,
2019-01-09 12:01:00,GLAPHA,1447.9,1473.95,1441.0,1464.55,16430,
2019-01-10 12:01:00,GLAPHA,1465.0,1496.8,1446.35,1483.0,12102,
2019-01-11 12:01:00,GLAPHA,1477.0,1495.0,1451.0,1484.05,12593,
2019-01-14 12:01:00,GLAPHA,1504.8,1504.8,1453.4,1469.35,12912,
2019-01-15 12:01:00,GLAPHA,1461.25,1479.75,1441.0,1444.5,15233,
2019-01-16 12:01:00,GLAPHA,1445.6,1455.15,1436.0,1440.5,9552,
2019-01-17 12:01:00,GLAPHA,1440.1,1450.0,1405.5,1437.9,14037,
2019-01-18 12:01:00,GLAPHA,1435.0,1435.0,1415.0,1417.7,8132,
2019-01-21 12:01:00,GLAPHA,1412.0,1425.1,1398.0,1404.8,11513,
2019-01-22 12:01:00,GLAPHA,1409.25,1438.0,1391.3,1425.1,9683,
2019-01-23 12:01:00,GLAPHA,1429.3,1432.3,1402.0,1408.85,11710,
2019-01-24 12:01:00,GLAPHA,1405.0,1421.0,1398.0,1406.25,7663,
2019-01-25 12:01:00,GLAPHA,1405.0,1413.0,1388.25,1402.4,9285,
2019-01-28 12:01:00,GLAPHA,1424.8,1424.8,1379.8,1392.75,8305,
2019-01-29 12:01:00,GLAPHA,1378.0,1423.0,1378.0,1408.4,8147,
2019-01-30 12:01:00,GLAPHA,1417.4,1444.0,1400.35,1426.6,10102,
2019-01-31 12:01:00,GLAPHA,1418.75,1425.0,1389.95,1409.25,24542,
2019-02-01 12:02:00,GLAPHA,1404.5,1415.0,1396.3,1407.55,10985,
2019-02-04 12:02:00,GLAPHA,1420.0,1420.35,1356.6,1404.1,61773,
2019-02-05 12:02:00,GLAPHA,1405.05,1409.3,1384.9,1396.1,12480,
2019-02-06 12:02:00,GLAPHA,1400.65,1403.75,1368.1,1385.0,15666,
2019-02-07 12:02:00,GLAPHA,1385.0,1409.0,1372.0,1400.5,12766,
2019-02-08 12:02:00,GLAPHA,1404.9,1409.95,1383.0,1401.0,9600,
2019-02-11 12:02:00,GLAPHA,1400.0,1405.85,1385.0,1388.05,7467,
2019-02-12 12:02:00,GLAPHA,1400.0,1401.9,1372.0,1376.8,12999,
2019-02-13 12:02:00,GLAPHA,1386.25,1397.95,1367.2,1383.05,20270,
2019-02-14 12:02:00,GLAPHA,1390.25,1400.9,1363.55,1396.35,10764,
2019-02-15 12:02:00,GLAPHA,1396.35,1405.05,1361.35,1371.55,21363,
2019-02-18 12:02:00,GLAPHA,1365.0,1365.0,1332.0,1341.15,15158,
2019-02-19 12:02:00,GLAPHA,1336.25,1368.0,1336.0,1349.2,16484,
2019-02-20 12:02:00,GLAPHA,1349.7,1352.95,1325.0,1335.9,18314,
2019-02-21 12:02:00,GLAPHA,1335.1,1345.0,1315.6,1331.1,13667,
2019-02-22 12:02:00,GLAPHA,1331.0,1353.8,1324.8,1346.8,11894,
2019-02-25 12:02:00,GLAPHA,1353.0,1354.0,1331.0,1341.9,12365,
2019-02-26 12:02:00,GLAPHA,1332.0,1335.7,1316.0,1322.5,14836,
2019-02-27 12:02:00,GLAPHA,1322.5,1341.7,1311.1,1325.8,13795,
2019-02-28 12:02:00,GLAPHA,1332.0,1339.0,1321.4,1334.7,9104,
2019-03-01 12:03:00,GLAPHA,1328.0,1342.4,1326.0,1329.3,12975,
2019-03-05 12:03:00,GLAPHA,1332.0,1336.25,1318.5,1323.6,25206,
2019-03-06 12:03:00,GLAPHA,1336.8,1338.0,1296.75,1301.1,30534,
2019-03-07 12:03:00,GLAPHA,1300.0,1321.0,1290.05,1299.55,23016,
2019-03-08 12:03:00,GLAPHA,1319.8,1319.8,1279.75,1311.7,17079,
2019-03-11 12:03:00,GLAPHA,1309.0,1326.4,1309.0,1322.65,26449,
2019-03-12 12:03:00,GLAPHA,1325.9,1330.9,1313.2,1317.85,17794,
2019-03-13 12:03:00,GLAPHA,1315.0,1328.0,1308.45,1314.95,17669,
2019-03-14 12:03:00,GLAPHA,1320.0,1320.0,1296.65,1313.4,15823,
2019-03-15 12:03:00,GLAPHA,1310.0,1313.95,1296.8,1301.15,14562,
2019-03-18 12:03:00,GLAPHA,1301.85,1310.95,1288.85,1297.6,13629,
2019-03-19 12:03:00,GLAPHA,1305.0,1318.0,1293.05,1312.95,12571,
2019-03-20 12:03:00,GLAPHA,1312.85,1327.0,1296.05,1319.1,17959,
2019-03-22 12:03:00,GLAPHA,1319.9,1333.25,1300.1,1327.6,19273,
2019-03-25 12:03:00,GLAPHA,1320.0,1320.0,1295.0,1298.55,20671,
2019-03-26 12:03:00,GLAPHA,1298.0,1300.05,1291.55,1299.55,35527,
2019-03-27 12:03:00,GLAPHA,1295.05,1300.15,1270.0,1298.95,52124,
2019-03-28 12:03:00,GLAPHA,1296.1,1300.0,1290.8,1296.55,13448,
2019-03-29 12:03:00,GLAPHA,1298.05,1301.35,1286.0,1297.45,15790,
2019-04-01 12:04:00,GLAPHA,1300.0,1300.0,1293.3,1299.6,12753,
2019-04-02 12:04:00,GLAPHA,1300.0,1300.4,1294.0,1299.45,15779,
2019-04-03 12:04:00,GLAPHA,1300.55,1300.55,1290.0,1297.65,12763,
2019-04-04 12:04:00,GLAPHA,1298.4,1298.95,1279.9,1294.5,11916,
2019-04-05 12:04:00,GLAPHA,1297.95,1300.0,1293.05,1299.0,6946,
2019-04-08 12:04:00,GLAPHA,1294.0,1300.4,1293.05,1298.8,9636,
2019-04-09 12:04:00,GLAPHA,1298.75,1300.0,1290.05,1299.9,8969,
2019-04-10 12:04:00,GLAPHA,1299.8,1300.2,1293.0,1298.0,16688,
2019-04-11 12:04:00,GLAPHA,1300.0,1300.1,1292.0,1299.7,8783,
2019-04-12 12:04:00,GLAPHA,1298.8,1299.95,1295.0,1297.75,6765,
2019-04-15 12:04:00,GLAPHA,1302.6,1328.8,1295.55,1299.4,23810,
2019-04-16 12:04:00,GLAPHA,1300.0,1300.0,1295.1,1299.7,16904,
2019-04-18 12:04:00,GLAPHA,1293.0,1300.15,1292.4,1299.9,10622,
2019-04-22 12:04:00,GLAPHA,1299.95,1300.0,1282.15,1295.75,11565,
2019-04-23 12:04:00,GLAPHA,1295.7,1295.75,1285.0,1293.9,9218,
2019-04-24 12:04:00,GLAPHA,1295.0,1295.0,1275.0,1294.95,8843,
2019-04-25 12:04:00,GLAPHA,1294.95,1295.0,1284.9,1290.3,5502,
2019-04-26 12:04:00,GLAPHA,1290.0,1295.0,1284.0,1289.9,12431,
2019-04-30 12:04:00,GLAPHA,1285.7,1294.0,1275.0,1284.45,17144,
2019-05-02 12:05:00,GLAPHA,1285.1,1290.0,1275.55,1289.25,10755,
2019-05-03 12:05:00,GLAPHA,1289.0,1289.25,1275.0,1283.85,15152,
2019-05-06 12:05:00,GLAPHA,1283.85,1290.0,1275.0,1288.2,10749,
2019-05-07 12:05:00,GLAPHA,1286.0,1290.0,1267.0,1283.15,23672,
2019-05-08 12:05:00,GLAPHA,1283.15,1283.15,1261.0,1270.0,11748,
2019-05-09 12:05:00,GLAPHA,1270.0,1270.0,1246.6,1259.35,18048,
2019-05-10 12:05:00,GLAPHA,1259.0,1280.0,1250.0,1274.85,10870,
2019-05-13 12:05:00,GLAPHA,1273.95,1280.0,1258.8,1278.1,10272,
2019-05-14 12:05:00,GLAPHA,1278.0,1280.0,1268.0,1279.9,12862,
2019-05-15 12:05:00,GLAPHA,1277.15,1280.2,1266.2,1279.95,15030,
2019-05-16 12:05:00,GLAPHA,1279.6,1280.0,1265.3,1279.75,10967,
2019-05-17 12:05:00,GLAPHA,1277.05,1280.0,1269.0,1278.2,13817,
2019-05-20 12:05:00,GLAPHA,1282.65,1288.9,1269.7,1279.75,46415,
2019-05-21 12:05:00,GLAPHA,1272.0,1283.2,1265.3,1275.6,16432,
2019-05-22 12:05:00,GLAPHA,1277.0,1280.0,1271.0,1278.9,24664,
2019-05-23 12:05:00,GLAPHA,1277.25,1285.45,1265.0,1271.0,23685,
2019-05-24 12:05:00,GLAPHA,1277.0,1280.0,1267.0,1279.65,21604,
2019-05-27 12:05:00,GLAPHA,1278.85,1280.0,1273.0,1279.8,16007,
2019-05-28 12:05:00,GLAPHA,1277.7,1282.45,1275.0,1278.95,35010,
2019-05-29 12:05:00,GLAPHA,1285.0,1285.0,1270.1,1277.1,15740,
2019-05-30 12:05:00,GLAPHA,1276.4,1279.7,1260.4,1269.85,15979,
2019-05-31 12:05:00,GLAPHA,1271.0,1273.4,1262.0,1265.0,9638,
2019-06-03 12:06:00,GLAPHA,1272.25,1279.95,1264.45,1273.95,10978,
2019-06-04 12:06:00,GLAPHA,1272.3,1278.8,1265.6,1270.0,23231,
2019-06-06 12:06:00,GLAPHA,1270.05,1272.05,1260.25,1269.9,11911,
2019-06-07 12:06:00,GLAPHA,1275.0,1280.0,1259.15,1276.75,15727,
2019-06-10 12:06:00,GLAPHA,1275.0,1275.0,1258.0,1270.15,21679,
2019-06-11 12:06:00,GLAPHA,1269.5,1270.0,1264.0,1269.9,12710,
2019-06-12 12:06:00,GLAPHA,1265.85,1270.0,1263.4,1265.65,12833,
2019-06-13 12:06:00,GLAPHA,1268.0,1268.8,1252.0,1258.1,17923,
2019-06-14 12:06:00,GLAPHA,1251.1,1270.0,1251.0,1263.05,18472,
2019-06-17 12:06:00,GLAPHA,1256.0,1264.2,1251.0,1257.85,9528,
2019-06-18 12:06:00,GLAPHA,1259.55,1259.55,1247.0,1252.85,15647,
2019-06-19 12:06:00,GLAPHA,1258.7,1258.7,1236.7,1245.65,13670,
2019-06-20 12:06:00,GLAPHA,1251.7,1251.7,1234.95,1249.7,13641,
2019-06-21 12:06:00,GLAPHA,1233.0,1250.0,1225.0,1228.3,29307,
2019-06-24 12:06:00,GLAPHA,1240.0,1240.0,1228.1,1229.85,13786,
2019-06-25 12:06:00,GLAPHA,1225.5,1233.55,1225.1,1227.2,38779,
2019-06-26 12:06:00,GLAPHA,1238.4,1238.4,1215.0,1220.0,28328,
2019-06-27 12:06:00,GLAPHA,1225.0,1225.0,1215.65,1219.2,14915,
2019-06-28 12:06:00,GLAPHA,1215.0,1220.0,1198.0,1199.95,30953,
2019-07-01 12:07:00,GLAPHA,1200.05,1204.25,1183.0,1188.0,21953,
2019-07-02 12:07:00,GLAPHA,1190.0,1220.0,1185.1,1187.65,18570,
2019-07-03 12:07:00,GLAPHA,1196.95,1203.95,1179.45,1184.3,18899,
2019-07-04 12:07:00,GLAPHA,1187.95,1197.85,1177.0,1185.0,26376,
2019-07-05 12:07:00,GLAPHA,1182.0,1190.0,1175.0,1181.35,20507,
2019-07-08 12:07:00,GLAPHA,1179.7,1189.0,1171.0,1180.2,18322,
2019-07-09 12:07:00,GLAPHA,1176.15,1179.95,1160.8,1167.05,35821,
2019-07-10 12:07:00,GLAPHA,1170.0,1171.75,1150.05,1165.8,26185,
2019-07-11 12:07:00,GLAPHA,1155.8,1155.8,1138.0,1140.05,28947,
2019-07-12 12:07:00,GLAPHA,1135.1,1157.9,1130.0,1149.7,19322,
2019-07-15 12:07:00,GLAPHA,1149.95,1212.0,1147.0,1186.35,34919,
2019-07-16 12:07:00,GLAPHA,1140.2,1187.0,1140.2,1176.6,22183,
2019-07-17 12:07:00,GLAPHA,1187.0,1200.7,1170.05,1184.3,18989,
2019-07-18 12:07:00,GLAPHA,1184.55,1193.0,1166.0,1170.5,11559,
2019-07-19 12:07:00,GLAPHA,1176.9,1181.95,1154.0,1173.95,10282,
2019-07-22 12:07:00,GLAPHA,1172.8,1214.4,1154.0,1187.25,73623,
2019-07-23 12:07:00,GLAPHA,1200.0,1210.0,1187.3,1200.85,55269,
2019-07-24 12:07:00,GLAPHA,1200.85,1207.4,1184.0,1199.85,26743,
2019-07-25 12:07:00,GLAPHA,1199.0,1201.15,1187.1,1198.95,15764,
2019-07-26 12:07:00,GLAPHA,1197.0,1211.0,1190.0,1201.4,16382,
2019-07-29 12:07:00,GLAPHA,1201.05,1207.4,1189.3,1197.3,13693,
2019-07-30 12:07:00,GLAPHA,1195.45,1203.95,1190.0,1197.75,24197,
2019-07-31 12:07:00,GLAPHA,1190.15,1212.0,1175.5,1207.35,35394,
2019-08-01 12:08:00,GLAPHA,1198.25,1203.95,1188.05,1194.6,16296,
2019-08-02 12:08:00,GLAPHA,1193.95,1199.9,1180.05,1197.95,13814,
2019-08-05 12:08:00,GLAPHA,1194.0,1200.0,1181.0,1198.45,18787,
2019-08-06 12:08:00,GLAPHA,1197.9,1215.0,1190.1,1208.0,22269,
2019-08-07 12:08:00,GLAPHA,1201.05,1215.0,1196.05,1211.3,14710,
2019-08-08 12:08:00,GLAPHA,1210.0,1212.35,1198.0,1204.6,20443,
2019-08-09 12:08:00,GLAPHA,1201.2,1214.6,1195.05,1209.05,19851,
2019-08-13 12:08:00,GLAPHA,1217.0,1217.0,1200.1,1203.3,37223,
2019-08-14 12:08:00,GLAPHA,1200.8,1212.0,1196.1,1208.4,66804,
2019-08-16 12:08:00,GLAPHA,1208.0,1218.75,1196.0,1213.25,61631,
2019-08-19 12:08:00,GLAPHA,1219.0,1219.25,1205.55,1210.7,57637,
2019-08-20 12:08:00,GLAPHA,1206.6,1210.95,1203.6,1207.2,50289,
2019-08-21 12:08:00,GLAPHA,1207.2,1248.0,1199.2,1210.85,31459,
2019-08-22 12:08:00,GLAPHA,1210.0,1219.0,1197.6,1205.15,34312,
2019-08-23 12:08:00,GLAPHA,1205.0,1217.65,1196.0,1210.5,28720,
2019-08-26 12:08:00,GLAPHA,1216.2,1218.0,1200.05,1206.95,25447,
2019-08-27 12:08:00,GLAPHA,1211.9,1211.9,1192.55,1198.75,56420,
2019-08-28 12:08:00,GLAPHA,1202.6,1207.0,1193.95,1201.7,21171,
2019-08-29 12:08:00,GLAPHA,1196.2,1200.55,1185.05,1192.25,18419,
2019-08-30 12:08:00,GLAPHA,1193.5,1222.0,1190.0,1215.2,62058,
2019-09-03 12:09:00,GLAPHA,1225.0,1247.0,1219.0,1239.05,61509,
2019-09-04 12:09:00,GLAPHA,1240.0,1262.0,1232.45,1251.3,41381,
2019-09-05 12:09:00,GLAPHA,1254.7,1259.0,1241.45,1251.9,21053,
2019-09-06 12:09:00,GLAPHA,1250.2,1287.85,1250.2,1278.35,40944,
2019-09-09 12:09:00,GLAPHA,1280.0,1366.0,1280.0,1329.05,431129,
2019-09-11 12:09:00,GLAPHA,1334.15,1400.0,1334.15,1383.45,172436,
2019-09-12 12:09:00,GLAPHA,1390.0,1403.05,1362.1,1375.8,31626,
2019-09-13 12:09:00,GLAPHA,1380.05,1386.0,1352.1,1362.7,21691,
2019-09-16 12:09:00,GLAPHA,1362.7,1399.4,1354.0,1385.25,72937,
2019-09-17 12:09:00,GLAPHA,1385.25,1406.45,1361.0,1364.55,50446,
2019-09-18 12:09:00,GLAPHA,1366.0,1414.0,1355.0,1409.45,84862,
2019-09-19 12:09:00,GLAPHA,1419.7,1424.95,1380.1,1395.6,57231,
2019-09-20 12:09:00,GLAPHA,1381.0,1423.0,1366.8,1384.2,141731,
2019-09-23 12:09:00,GLAPHA,1398.45,1468.0,1386.55,1459.4,270792,
2019-09-24 12:09:00,GLAPHA,1462.0,1473.0,1428.0,1466.1,48886,
2019-09-25 12:09:00,GLAPHA,1458.5,1466.0,1430.0,1436.1,35070,
2019-09-26 12:09:00,GLAPHA,1416.1,1428.0,1375.25,1419.5,87341,
2019-09-27 12:09:00,GLAPHA,1410.8,1418.0,1382.2,1401.95,52125,
2019-09-30 12:09:00,GLAPHA,1400.0,1404.95,1370.4,1389.45,35000,
2019-10-01 12:10:00,GLAPHA,1394.45,1404.3,1375.0,1380.45,19258,
2019-10-03 12:10:00,GLAPHA,1375.0,1389.85,1365.05,1375.1,25371,
2019-10-04 12:10:00,GLAPHA,1376.9,1385.9,1340.0,1343.75,28970,
2019-10-07 12:10:00,GLAPHA,1348.95,1349.4,1310.1,1341.65,26183,
2019-10-09 12:10:00,GLAPHA,1348.0,1365.0,1335.0,1359.35,47967,
2019-10-10 12:10:00,GLAPHA,1359.45,1389.0,1355.0,1370.85,35810,
2019-10-11 12:10:00,GLAPHA,1361.0,1383.5,1350.0,1361.95,32731,
2019-10-14 12:10:00,GLAPHA,1361.1,1410.7,1358.15,1396.05,27954,
2019-10-15 12:10:00,GLAPHA,1399.8,1445.45,1398.1,1433.15,43272,
2019-10-16 12:10:00,GLAPHA,1424.1,1445.9,1408.15,1429.2,25468,
2019-10-17 12:10:00,GLAPHA,1432.0,1448.9,1419.95,1440.1,33508,
2019-10-18 12:10:00,GLAPHA,1446.0,1468.95,1433.0,1438.7,36237,
2019-10-22 12:10:00,GLAPHA,1438.7,1504.0,1426.25,1481.2,115109,
2019-10-23 12:10:00,GLAPHA,1500.0,1534.35,1471.05,1488.55,81069,
2019-10-24 12:10:00,GLAPHA,1492.3,1513.75,1458.95,1479.55,30497,
2019-10-25 12:10:00,GLAPHA,1479.0,1535.0,1474.45,1516.65,42785,
2019-10-27 12:10:00,GLAPHA,1525.0,1561.95,1524.9,1551.15,24508,
2019-10-29 12:10:00,GLAPHA,1562.0,1614.0,1552.0,1594.3,64700,
2019-10-30 12:10:00,GLAPHA,1609.0,1625.0,1574.9,1599.05,55638,
2019-10-31 12:10:00,GLAPHA,1612.7,1703.65,1601.7,1662.9,107202,
2019-11-01 12:11:00,GLAPHA,1661.2,1699.0,1650.05,1671.75,50289,
2019-11-04 12:11:00,GLAPHA,1670.0,1693.0,1641.2,1650.8,33393,
2019-11-05 12:11:00,GLAPHA,1657.85,1669.75,1601.2,1621.95,61682,
2019-11-06 12:11:00,GLAPHA,1619.8,1640.0,1604.0,1616.2,45067,
2019-11-07 12:11:00,GLAPHA,1618.0,1636.9,1601.0,1620.65,38537,
2019-11-08 12:11:00,GLAPHA,1622.6,1644.0,1592.05,1612.1,55396,
2019-11-11 12:11:00,GLAPHA,1623.95,1638.85,1598.6,1620.0,38813,
2019-11-13 12:11:00,GLAPHA,1621.0,1634.95,1591.2,1604.8,40954,
2019-11-14 12:11:00,GLAPHA,1607.0,1615.0,1590.0,1601.25,39755,
2019-11-15 12:11:00,GLAPHA,1600.0,1610.0,1595.2,1606.2,44288,
2019-11-18 12:11:00,GLAPHA,1600.0,1635.0,1595.0,1628.4,50654,
2019-11-19 12:11:00,GLAPHA,1635.0,1670.3,1626.1,1639.85,58324,
2019-11-20 12:11:00,GLAPHA,1634.7,1663.25,1631.85,1660.15,44173,
2019-11-21 12:11:00,GLAPHA,1665.0,1680.0,1646.0,1658.15,38206,
2019-11-22 12:11:00,GLAPHA,1652.0,1662.5,1628.2,1640.95,24186,
2019-11-25 12:11:00,GLAPHA,1638.7,1674.7,1615.0,1662.9,32572,
2019-11-26 12:11:00,GLAPHA,1663.2,1674.0,1636.1,1645.85,29074,
2019-11-27 12:11:00,GLAPHA,1645.0,1680.0,1631.9,1673.1,38495,
2019-11-28 12:11:00,GLAPHA,1679.85,1737.0,1662.2,1697.65,116650,
2019-11-29 12:11:00,GLAPHA,1695.0,1704.7,1663.35,1677.0,23044,
2019-12-02 12:12:00,GLAPHA,1680.8,1699.0,1658.2,1668.15,21096,
2019-12-03 12:12:00,GLAPHA,1662.0,1729.0,1662.0,1687.25,100102,
2019-12-04 12:12:00,GLAPHA,1689.3,1705.0,1670.2,1688.1,43648,
2019-12-05 12:12:00,GLAPHA,1696.0,1696.0,1635.0,1648.6,27016,
2019-12-06 12:12:00,GLAPHA,1650.0,1659.7,1615.0,1635.9,53743,
2019-12-09 12:12:00,GLAPHA,1638.6,1646.0,1601.2,1614.5,36585,
2019-12-10 12:12:00,GLAPHA,1614.25,1645.0,1585.0,1609.7,33825,
2019-12-11 12:12:00,GLAPHA,1610.0,1644.0,1598.1,1632.1,48939,
2019-12-12 12:12:00,GLAPHA,1633.0,1654.0,1627.0,1645.35,44366,
2019-12-13 12:12:00,GLAPHA,1653.1,1682.1,1631.55,1674.6,72497,
2019-12-16 12:12:00,GLAPHA,1677.0,1687.95,1645.05,1653.5,28474,
2019-12-17 12:12:00,GLAPHA,1658.6,1662.0,1635.1,1643.8,55242,
2019-12-18 12:12:00,GLAPHA,1643.0,1659.45,1616.1,1637.75,76305,
2019-12-19 12:12:00,GLAPHA,1639.0,1683.5,1633.0,1663.6,90334,
2019-12-20 12:12:00,GLAPHA,1675.0,1688.0,1641.8,1659.6,56122,
2019-12-23 12:12:00,GLAPHA,1647.1,1659.8,1631.2,1641.65,41858,
2019-12-24 12:12:00,GLAPHA,1642.25,1652.0,1625.3,1635.35,29118,
2019-12-26 12:12:00,GLAPHA,1635.3,1646.0,1617.05,1624.35,22009,
2019-12-27 12:12:00,GLAPHA,1632.0,1640.0,1610.4,1618.0,40531,
2019-12-30 12:12:00,GLAPHA,1625.0,1639.8,1604.0,1611.95,39645,
2019-12-31 12:12:00,GLAPHA,1615.0,1638.95,1602.3,1610.3,36975,
2020-01-01 12:01:00,GLAPHA,1626.0,1651.5,1614.1,1631.85,174481,
2020-01-02 12:01:00,GLAPHA,1645.0,1645.65,1615.35,1624.45,43839,
2020-01-03 12:01:00,GLAPHA,1624.0,1630.0,1602.0,1611.1,50214,
2020-01-06 12:01:00,GLAPHA,1619.6,1619.6,1589.0,1592.1,22034,
2020-01-07 12:01:00,GLAPHA,1609.95,1655.0,1605.0,1628.85,103521,
2020-01-08 12:01:00,GLAPHA,1605.05,1644.0,1602.45,1635.5,87929,
2020-01-09 12:01:00,GLAPHA,1648.0,1653.1,1623.05,1640.65,34375,
2020-01-10 12:01:00,GLAPHA,1640.65,1664.95,1622.0,1626.9,35463,
2020-01-13 12:01:00,GLAPHA,1626.5,1640.0,1616.55,1627.9,25376,
2020-01-14 12:01:00,GLAPHA,1629.0,1635.15,1618.5,1627.65,34260,
2020-01-15 12:01:00,GLAPHA,1629.0,1651.0,1618.05,1625.6,33832,
2020-01-16 12:01:00,GLAPHA,1644.85,1657.0,1625.1,1629.5,25104,
2020-01-17 12:01:00,GLAPHA,1634.8,1647.0,1618.5,1627.85,665255,
2020-01-20 12:01:00,GLAPHA,1630.0,1647.0,1623.25,1630.2,79844,
2020-01-21 12:01:00,GLAPHA,1631.0,1632.5,1616.25,1623.35,15763,
2020-01-22 12:01:00,GLAPHA,1624.8,1634.0,1618.0,1621.5,47883,
2020-01-23 12:01:00,GLAPHA,1628.95,1639.8,1622.0,1629.9,41182,
2020-01-24 12:01:00,GLAPHA,1635.0,1663.5,1627.35,1639.3,68470,
2020-01-27 12:01:00,GLAPHA,1645.0,1718.0,1644.95,1675.6,116153,
2020-01-28 12:01:00,GLAPHA,1680.0,1715.0,1677.0,1686.5,62775,
2020-01-29 12:01:00,GLAPHA,1699.95,1748.0,1684.7,1696.15,82112,
2020-01-30 12:01:00,GLAPHA,1690.1,1709.7,1665.3,1674.9,32519,
2020-01-31 12:01:00,GLAPHA,1694.0,1694.0,1655.0,1665.4,30484,
2020-02-01 12:02:00,GLAPHA,1687.0,1687.0,1631.15,1640.3,39362,
2020-02-03 12:02:00,GLAPHA,1645.0,1678.3,1611.25,1646.35,50313,
2020-02-04 12:02:00,GLAPHA,1520.0,1522.0,1425.05,1447.55,342618,
2020-02-05 12:02:00,GLAPHA,1434.1,1538.8,1365.0,1376.5,614869,
2020-02-06 12:02:00,GLAPHA,1390.0,1400.0,1327.1,1342.95,237376,
2020-02-07 12:02:00,GLAPHA,1351.05,1378.0,1342.5,1356.45,102180,
2020-02-10 12:02:00,GLAPHA,1358.0,1363.6,1296.15,1301.4,106337,
2020-02-11 12:02:00,GLAPHA,1302.0,1354.0,1280.05,1322.5,154159,
2020-02-12 12:02:00,GLAPHA,1333.95,1333.95,1297.4,1306.05,194152,
2020-02-13 12:02:00,GLAPHA,1313.0,1349.95,1300.0,1343.9,167286,
2020-02-14 12:02:00,GLAPHA,1353.8,1358.8,1327.0,1335.95,79241,
2020-02-17 12:02:00,GLAPHA,1334.9,1334.9,1305.0,1317.05,76166,
2020-02-18 12:02:00,GLAPHA,1321.1,1350.0,1319.0,1344.9,105761,
2020-02-19 12:02:00,GLAPHA,1345.0,1362.05,1325.0,1341.35,51275,
2020-02-20 12:02:00,GLAPHA,1341.8,1358.0,1336.0,1344.65,54312,
2020-02-24 12:02:00,GLAPHA,1351.0,1353.0,1325.0,1338.65,29355,
2020-02-25 12:02:00,GLAPHA,1341.0,1369.9,1338.0,1366.15,53687,
2020-02-26 12:02:00,GLAPHA,1364.9,1395.95,1340.0,1355.95,81279,
2020-02-27 12:02:00,GLAPHA,1360.0,1362.0,1325.0,1341.15,31913,
2020-02-28 12:02:00,GLAPHA,1346.5,1347.85,1300.0,1306.0,50378,
2020-03-02 12:03:00,GLAPHA,1310.0,1337.65,1300.0,1303.25,27735,
2020-03-03 12:03:00,GLAPHA,1305.1,1332.7,1290.0,1312.75,39855,
2020-03-04 12:03:00,GLAPHA,1307.0,1325.0,1285.3,1308.55,48286,
2020-03-05 12:03:00,GLAPHA,1324.0,1329.0,1306.5,1314.25,21513,
2020-03-06 12:03:00,GLAPHA,1310.2,1340.0,1293.3,1330.95,34384,
2020-03-09 12:03:00,GLAPHA,1319.0,1319.0,1291.0,1311.0,41575,
2020-03-11 12:03:00,GLAPHA,1317.95,1327.65,1292.05,1297.25,26647,
2020-03-12 12:03:00,GLAPHA,1281.0,1285.0,1160.0,1202.25,90470,
2020-03-13 12:03:00,GLAPHA,1151.0,1298.0,962.65,1264.85,61361,
2020-03-16 12:03:00,GLAPHA,1255.0,1255.0,1203.0,1230.85,33319,
2020-03-17 12:03:00,GLAPHA,1240.85,1258.25,1206.95,1246.65,33608,
2020-03-18 12:03:00,GLAPHA,1258.7,1260.0,1207.9,1228.5,31577,
2020-03-19 12:03:00,GLAPHA,1225.0,1225.0,1150.0,1191.5,57519,
2020-03-20 12:03:00,GLAPHA,1202.0,1275.0,1176.05,1224.95,31931,
2020-03-23 12:03:00,GLAPHA,1100.0,1189.95,1053.8,1101.85,42795,
2020-03-24 12:03:00,GLAPHA,1120.0,1160.0,1100.0,1139.8,20245,
2020-03-25 12:03:00,GLAPHA,1149.0,1205.0,973.0,1196.7,30972,
2020-03-26 12:03:00,GLAPHA,1198.0,1240.0,1175.05,1199.1,30320,
2020-03-27 12:03:00,GLAPHA,1239.0,1247.3,1122.05,1179.55,37410,
2020-03-30 12:03:00,GLAPHA,1179.55,1232.0,1165.0,1227.3,26313,
2020-03-31 12:03:00,GLAPHA,1245.0,1288.9,1221.0,1257.4,37373,
2020-04-01 12:04:00,GLAPHA,1255.0,1269.35,1150.0,1210.25,54266,
2020-04-03 12:04:00,GLAPHA,1230.0,1248.0,1155.0,1224.2,64230,
2020-04-07 12:04:00,GLAPHA,1260.0,1265.0,1175.0,1248.5,162388,
2020-04-08 12:04:00,GLAPHA,1265.0,1291.0,1214.0,1246.25,191915,
2020-04-09 12:04:00,GLAPHA,1270.0,1415.0,1264.0,1396.35,199995,
2020-04-13 12:04:00,GLAPHA,1414.0,1483.3,1336.05,1451.3,144109,
2020-04-15 12:04:00,GLAPHA,1544.0,1544.0,1463.75,1476.85,165735,
2020-04-16 12:04:00,GLAPHA,1481.0,1494.4,1452.0,1474.4,44345,
2020-04-17 12:04:00,GLAPHA,1498.0,1505.0,1425.0,1455.3,51378,
2020-04-20 12:04:00,GLAPHA,1463.0,1474.0,1428.45,1455.6,28753,
2020-04-21 12:04:00,GLAPHA,1428.0,1484.0,1416.0,1459.5,44520,
2020-04-22 12:04:00,GLAPHA,1470.0,1470.0,1430.0,1436.25,20558,
2020-04-23 12:04:00,GLAPHA,1426.0,1465.5,1426.0,1448.5,38191,
2020-04-24 12:04:00,GLAPHA,1445.6,1472.0,1440.1,1455.05,33465,
2020-04-27 12:04:00,GLAPHA,1480.0,1480.0,1440.0,1443.55,33040,
2020-04-28 12:04:00,GLAPHA,1450.0,1461.75,1429.15,1453.0,34705,
2020-04-29 12:04:00,GLAPHA,1460.0,1460.0,1432.6,1440.55,46021,
2020-04-30 12:04:00,GLAPHA,1459.9,1490.0,1432.5,1444.25,170424,
2020-05-04 12:05:00,GLAPHA,1435.0,1485.0,1419.05,1480.45,76569,
2020-05-05 12:05:00,GLAPHA,1500.0,1522.0,1442.5,1448.35,72813,
2020-05-06 12:05:00,GLAPHA,1450.0,1485.0,1441.0,1464.45,33562,
2020-05-07 12:05:00,GLAPHA,1490.0,1492.0,1442.0,1451.6,29568,
2020-05-08 12:05:00,GLAPHA,1454.0,1468.45,1431.35,1437.45,21380,
2020-05-11 12:05:00,GLAPHA,1448.55,1454.0,1415.1,1421.2,27570,
2020-05-12 12:05:00,GLAPHA,1421.5,1429.6,1373.0,1378.85,34270,
2020-05-13 12:05:00,GLAPHA,1394.0,1412.9,1385.0,1400.1,48678,
2020-05-14 12:05:00,GLAPHA,1389.95,1430.0,1380.1,1420.2,26400,
2020-05-15 12:05:00,GLAPHA,1420.15,1420.15,1388.1,1392.95,20461,
2020-05-18 12:05:00,GLAPHA,1399.0,1418.5,1355.0,1363.05,22649,
2020-05-19 12:05:00,GLAPHA,1395.0,1430.0,1373.1,1386.0,48216,
2020-05-20 12:05:00,GLAPHA,1387.0,1398.7,1363.45,1373.7,37627,
2020-05-21 12:05:00,GLAPHA,1375.0,1386.05,1365.0,1369.85,12717,
2020-05-22 12:05:00,GLAPHA,1375.0,1385.05,1360.0,1378.5,15251,
2020-05-26 12:05:00,GLAPHA,1383.0,1402.0,1365.4,1372.45,23014,
2020-05-27 12:05:00,GLAPHA,1385.0,1385.0,1352.7,1356.35,23755,
2020-05-28 12:05:00,GLAPHA,1367.0,1370.0,1336.0,1340.7,73364,
2020-05-29 12:05:00,GLAPHA,1350.0,1393.95,1335.0,1369.35,92092,
2020-06-01 12:06:00,GLAPHA,1390.0,1396.6,1366.0,1372.2,28591,
2020-06-02 12:06:00,GLAPHA,1372.3,1389.0,1349.2,1356.0,42826,
2020-06-03 12:06:00,GLAPHA,1364.0,1385.9,1355.1,1370.7,24013,
2020-06-04 12:06:00,GLAPHA,1383.95,1390.0,1361.2,1372.95,24528,
2020-06-05 12:06:00,GLAPHA,1378.0,1385.05,1370.0,1382.3,23401,
2020-06-08 12:06:00,GLAPHA,1380.2,1393.2,1206.0,1352.15,37996,
2020-06-09 12:06:00,GLAPHA,1354.0,1372.0,1352.0,1355.4,19187,
2020-06-10 12:06:00,GLAPHA,1362.0,1395.0,1352.9,1386.85,36365,
2020-06-11 12:06:00,GLAPHA,1397.95,1435.05,1385.0,1408.6,70166,
2020-06-12 12:06:00,GLAPHA,1391.0,1409.95,1377.0,1394.45,34995,
2020-06-15 12:06:00,GLAPHA,1397.0,1417.25,1385.0,1388.4,22466,
2020-06-16 12:06:00,GLAPHA,1400.0,1414.0,1371.0,1375.4,28288,
2020-06-17 12:06:00,GLAPHA,1384.0,1405.0,1369.55,1390.05,24090,
2020-06-18 12:06:00,GLAPHA,1381.0,1397.35,1360.1,1371.6,25720,
2020-06-19 12:06:00,GLAPHA,1371.6,1383.2,1361.0,1367.8,16504,
2020-06-22 12:06:00,GLAPHA,1415.0,1443.85,1371.1,1437.6,83557,
2020-06-23 12:06:00,GLAPHA,1459.0,1525.0,1450.05,1511.0,156652,
2020-06-24 12:06:00,GLAPHA,1515.0,1524.0,1460.0,1464.0,43426,
2020-06-25 12:06:00,GLAPHA,1459.0,1522.7,1445.0,1500.7,51147,
2020-06-26 12:06:00,GLAPHA,1502.5,1521.0,1479.0,1481.1,28565,
2020-06-29 12:06:00,GLAPHA,1484.05,1505.5,1471.5,1490.25,25759,
2020-06-30 12:06:00,GLAPHA,1500.0,1508.95,1475.0,1481.6,19325,
2020-07-01 12:07:00,GLAPHA,1490.0,1490.0,1466.0,1472.35,15679,
2020-07-02 12:07:00,GLAPHA,1485.0,1489.9,1460.0,1466.25,19355,
2020-07-03 12:07:00,GLAPHA,1479.85,1486.15,1460.5,1466.1,19597,
2020-07-06 12:07:00,GLAPHA,1498.0,1499.0,1480.0,1482.8,23868,
2020-07-07 12:07:00,GLAPHA,1482.8,1493.3,1475.1,1478.7,12005,
2020-07-08 12:07:00,GLAPHA,1480.0,1495.05,1458.5,1462.45,21658,
2020-07-09 12:07:00,GLAPHA,1465.25,1488.0,1465.25,1474.4,16212,
2020-07-10 12:07:00,GLAPHA,1465.3,1493.3,1465.3,1488.25,17827,
2020-07-13 12:07:00,GLAPHA,1492.6,1515.0,1489.15,1504.65,44848,
2020-07-14 12:07:00,GLAPHA,1513.4,1513.4,1490.25,1502.75,22676,
2020-07-15 12:07:00,GLAPHA,1506.0,1574.0,1503.15,1527.25,112796,
2020-07-16 12:07:00,GLAPHA,1535.0,1557.95,1516.0,1548.1,59057,
2020-07-17 12:07:00,GLAPHA,1516.2,1535.0,1511.0,1519.2,28140,
2020-07-20 12:07:00,GLAPHA,1522.6,1542.05,1485.0,1505.5,25712,
2020-07-21 12:07:00,GLAPHA,1514.0,1524.9,1475.0,1481.6,28742,
2020-07-22 12:07:00,GLAPHA,1485.0,1493.95,1464.0,1468.55,16243,
2020-07-23 12:07:00,GLAPHA,1474.0,1488.35,1459.0,1466.15,18492,
2020-07-24 12:07:00,GLAPHA,1466.0,1496.0,1461.0,1476.1,49623,
2020-07-27 12:07:00,GLAPHA,1477.05,1483.0,1451.0,1455.75,23138,
2020-07-28 12:07:00,GLAPHA,1457.95,1472.45,1455.0,1464.3,12878,
2020-07-29 12:07:00,GLAPHA,1476.0,1497.0,1467.15,1480.65,23789,
2020-07-30 12:07:00,GLAPHA,1480.65,1484.95,1436.55,1442.45,54716,
2020-07-31 12:07:00,GLAPHA,1441.0,1449.4,1435.0,1437.3,25932,
2020-08-03 12:08:00,GLAPHA,1441.6,1509.0,1423.1,1477.95,141024,
2020-08-04 12:08:00,GLAPHA,1497.0,1530.0,1481.65,1507.45,136597,
2020-08-05 12:08:00,GLAPHA,1518.0,1524.0,1470.0,1480.5,85405,
2020-08-06 12:08:00,GLAPHA,1482.0,1515.1,1475.0,1478.05,29096,
2020-08-07 12:08:00,GLAPHA,1486.0,1500.0,1482.65,1488.7,120079,
2020-08-10 12:08:00,GLAPHA,1490.0,1509.95,1458.2,1468.75,67712,
2020-08-11 12:08:00,GLAPHA,1470.0,1499.0,1469.95,1473.2,42982,
2020-08-12 12:08:00,GLAPHA,1481.9,1481.9,1455.55,1456.5,58756,
2020-08-13 12:08:00,GLAPHA,1475.0,1540.0,1461.65,1524.1,267310,
2020-08-14 12:08:00,GLAPHA,1535.0,1548.8,1505.0,1518.1,93612,
2020-08-17 12:08:00,GLAPHA,1522.05,1540.0,1488.35,1513.1,35030,
2020-08-18 12:08:00,GLAPHA,1519.6,1519.6,1500.4,1503.15,96626,
2020-08-19 12:08:00,GLAPHA,1515.0,1527.8,1490.0,1514.45,126900,
2020-08-20 12:08:00,GLAPHA,1510.0,1515.45,1482.65,1490.05,99206,
2020-08-21 12:08:00,GLAPHA,1510.2,1510.85,1482.05,1485.55,59032,
2020-08-24 12:08:00,GLAPHA,1500.0,1529.0,1491.0,1522.85,207679,
2020-08-25 12:08:00,GLAPHA,1530.0,1628.95,1525.0,1570.65,408913,
2020-08-26 12:08:00,GLAPHA,1585.05,1613.0,1576.05,1589.5,107040,
2020-08-27 12:08:00,GLAPHA,1600.0,1629.5,1581.25,1598.45,140193,
2020-08-28 12:08:00,GLAPHA,1600.0,1604.0,1561.0,1583.15,83032,
2020-08-31 12:08:00,GLAPHA,1583.0,1620.0,1513.1,1566.3,71921,
2020-09-01 12:09:00,GLAPHA,1566.3,1593.95,1540.05,1569.7,67293,
2020-09-02 12:09:00,GLAPHA,1565.65,1597.8,1561.05,1574.6,85711,
2020-09-03 12:09:00,GLAPHA,1574.0,1604.35,1556.9,1560.55,85491,
2020-09-04 12:09:00,GLAPHA,1554.0,1599.95,1545.35,1574.65,85092,
2020-09-07 12:09:00,GLAPHA,1588.25,1669.95,1580.55,1625.95,272134,
2020-09-08 12:09:00,GLAPHA,1636.5,1684.0,1610.0,1635.25,156923,
2020-09-09 12:09:00,GLAPHA,1617.0,1660.0,1617.0,1639.8,145126,
2020-09-10 12:09:00,GLAPHA,1665.0,1694.85,1645.05,1669.45,134563,
2020-09-11 12:09:00,GLAPHA,1676.0,1700.0,1647.0,1674.95,145594,
2020-09-14 12:09:00,GLAPHA,1675.0,1767.0,1675.0,1728.0,347359,
2020-09-15 12:09:00,GLAPHA,1726.0,1807.5,1726.0,1778.6,300393,
2020-09-16 12:09:00,GLAPHA,1790.0,1801.0,1751.0,1772.4,94779,
2020-09-17 12:09:00,GLAPHA,1770.0,1800.0,1750.0,1763.5,88815,
2020-09-18 12:09:00,GLAPHA,1777.0,1790.0,1661.0,1697.9,859170,
2020-09-21 12:09:00,GLAPHA,1730.0,1742.7,1639.0,1694.65,214883,
2020-09-22 12:09:00,GLAPHA,1680.25,1699.0,1592.0,1606.15,134117,
2020-09-23 12:09:00,GLAPHA,1616.65,1650.0,1580.0,1588.1,64893,
2020-09-24 12:09:00,GLAPHA,1575.0,1613.45,1526.0,1545.8,47820,
2020-09-25 12:09:00,GLAPHA,1550.1,1573.2,1540.0,1543.6,57963,
2020-09-28 12:09:00,GLAPHA,1560.0,1590.55,1535.0,1576.85,109121,
2020-09-29 12:09:00,GLAPHA,1584.0,1595.0,1562.55,1574.2,57096,
2020-09-30 12:09:00,GLAPHA,1581.9,1597.45,1565.0,1575.15,22669,
2020-10-01 12:10:00,GLAPHA,1580.0,1595.95,1561.3,1569.05,55333,
2020-10-05 12:10:00,GLAPHA,1570.0,1585.0,1556.0,1567.45,52809,
2020-10-06 12:10:00,GLAPHA,1577.25,1594.9,1571.05,1578.95,60446,
2020-10-07 12:10:00,GLAPHA,1587.0,1612.0,1575.0,1589.5,48981,
2020-10-08 12:10:00,GLAPHA,1590.0,1598.95,1560.1,1563.1,56941,
2020-10-09 12:10:00,GLAPHA,1570.85,1583.6,1545.0,1557.8,776156,
2020-10-12 12:10:00,GLAPHA,1571.35,1596.9,1553.5,1588.6,44706,
2020-10-13 12:10:00,GLAPHA,1590.0,1611.75,1560.0,1563.75,50835,
2020-10-14 12:10:00,GLAPHA,1563.75,1580.6,1541.0,1544.9,57925,
2020-10-15 12:10:00,GLAPHA,1552.6,1555.05,1511.35,1518.0,30867,
2020-10-16 12:10:00,GLAPHA,1511.0,1569.05,1511.0,1517.25,77576,
2020-10-19 12:10:00,GLAPHA,1530.0,1546.9,1512.5,1518.2,54411,
2020-10-20 12:10:00,GLAPHA,1528.0,1547.95,1518.0,1538.1,97454,
2020-10-21 12:10:00,GLAPHA,1538.15,1549.55,1507.6,1515.5,27938,
2020-10-22 12:10:00,GLAPHA,1523.0,1525.9,1505.0,1509.8,127770,
2020-10-23 12:10:00,GLAPHA,1519.95,1523.9,1501.0,1504.15,20604,
2020-10-26 12:10:00,GLAPHA,1511.65,1518.8,1482.8,1491.35,17165,
2020-10-27 12:10:00,GLAPHA,1490.0,1519.0,1483.0,1495.65,58773,
2020-10-28 12:10:00,GLAPHA,1496.0,1515.05,1496.0,1498.75,11523,
2020-10-29 12:10:00,GLAPHA,1480.0,1489.95,1468.05,1480.35,26168,
2020-10-30 12:10:00,GLAPHA,1485.05,1490.0,1461.0,1464.75,18208,
2020-11-02 12:11:00,GLAPHA,1470.0,1472.05,1402.65,1409.05,42165,
2020-11-03 12:11:00,GLAPHA,1401.05,1426.95,1395.8,1404.15,52781,
2020-11-04 12:11:00,GLAPHA,1409.0,1426.5,1391.0,1395.4,42381,
2020-11-05 12:11:00,GLAPHA,1410.0,1430.0,1398.0,1410.1,50264,
2020-11-06 12:11:00,GLAPHA,1418.0,1423.4,1395.45,1400.55,56387,
2020-11-09 12:11:00,GLAPHA,1407.0,1425.0,1405.0,1409.75,79166,
2020-11-10 12:11:00,GLAPHA,1423.0,1429.5,1405.0,1413.55,48301,
2020-11-11 12:11:00,GLAPHA,1418.1,1448.0,1405.1,1442.2,47147,
2020-11-12 12:11:00,GLAPHA,1442.0,1468.75,1413.0,1430.25,90183,
2020-11-13 12:11:00,GLAPHA,1427.0,1435.0,1410.0,1428.35,47680,
2020-11-14 12:11:00,GLAPHA,1449.7,1456.0,1435.05,1442.1,8072,
2020-11-17 12:11:00,GLAPHA,1450.0,1454.35,1432.5,1444.05,37928,
2020-11-18 12:11:00,GLAPHA,1442.0,1449.05,1421.0,1429.0,19728,
2020-11-19 12:11:00,GLAPHA,1430.0,1497.9,1430.0,1484.6,98686,
2020-11-20 12:11:00,GLAPHA,1492.15,1529.95,1471.2,1524.2,93833,
2020-11-23 12:11:00,GLAPHA,1530.0,1537.85,1521.0,1525.7,57494,
2020-11-24 12:11:00,GLAPHA,1529.8,1537.9,1520.1,1525.45,27413,
2020-11-25 12:11:00,GLAPHA,1521.25,1548.0,1521.25,1526.25,40266,
2020-11-26 12:11:00,GLAPHA,1530.0,1545.0,1524.0,1540.1,25633,
2020-11-27 12:11:00,GLAPHA,1547.75,1570.0,1540.0,1553.45,29798,
2020-12-01 12:12:00,GLAPHA,1555.0,1573.5,1542.55,1550.95,22096,
2020-12-02 12:12:00,GLAPHA,1574.9,1574.9,1546.75,1551.05,43707,
2020-12-03 12:12:00,GLAPHA,1553.0,1560.0,1548.7,1552.05,27207,
2020-12-04 12:12:00,GLAPHA,1555.0,1568.0,1549.25,1552.05,68320,
2020-12-07 12:12:00,GLAPHA,1558.0,1562.7,1546.1,1551.3,82845,
2020-12-08 12:12:00,GLAPHA,1574.0,1575.0,1546.0,1550.05,68681,
2020-12-09 12:12:00,GLAPHA,1552.0,1565.45,1549.0,1550.1,86299,
2020-12-10 12:12:00,GLAPHA,1564.0,1565.0,1548.1,1550.25,20094,
2020-12-11 12:12:00,GLAPHA,1557.95,1564.0,1547.1,1551.15,16371,
2020-12-14 12:12:00,GLAPHA,1551.35,1560.0,1545.0,1549.85,21307,
2020-12-15 12:12:00,GLAPHA,1547.5,1555.85,1543.35,1550.3,23076,
2020-12-16 12:12:00,GLAPHA,1554.85,1557.6,1540.0,1550.55,37192,
2020-12-17 12:12:00,GLAPHA,1550.0,1593.85,1549.4,1585.55,69443,
2020-12-18 12:12:00,GLAPHA,1598.0,1619.0,1590.0,1612.4,100353,
2020-12-21 12:12:00,GLAPHA,1620.35,1645.0,1511.25,1551.0,207011,
2020-12-22 12:12:00,GLAPHA,1551.0,1597.0,1485.15,1532.25,46131,
2020-12-23 12:12:00,GLAPHA,1532.25,1548.85,1513.1,1527.7,28162,
2020-12-24 12:12:00,GLAPHA,1540.0,1549.85,1526.0,1532.5,22344,
2020-12-28 12:12:00,GLAPHA,1544.95,1634.0,1540.0,1619.0,172099,
2020-12-29 12:12:00,GLAPHA,1638.9,1640.0,1572.0,1586.7,67668,
2020-12-30 12:12:00,GLAPHA,1587.0,1610.0,1577.95,1601.45,25274,
2020-12-31 12:12:00,GLAPHA,1601.05,1635.0,1589.3,1623.95,51183,
2021-01-01 12:01:00,GLAPHA,1607.2,1626.55,1602.0,1611.5,23871,
2021-01-04 12:01:00,GLAPHA,1626.0,1630.0,1590.0,1599.8,23376,
2021-01-05 12:01:00,GLAPHA,1600.0,1616.0,1585.1,1593.2,22879,
2021-01-06 12:01:00,GLAPHA,1595.0,1605.5,1580.0,1600.1,31045,
2021-01-07 12:01:00,GLAPHA,1601.0,1620.0,1590.25,1599.75,54605,
2021-01-08 12:01:00,GLAPHA,1607.75,1618.3,1570.05,1587.0,35869,
2021-01-11 12:01:00,GLAPHA,1594.95,1605.0,1557.05,1563.75,50394,
2021-01-12 12:01:00,GLAPHA,1563.75,1571.6,1529.95,1547.3,48335,
2021-01-13 12:01:00,GLAPHA,1555.05,1566.95,1521.0,1527.3,50467,
2021-01-14 12:01:00,GLAPHA,1530.0,1548.9,1502.2,1518.35,48321,
2021-01-15 12:01:00,GLAPHA,1525.0,1530.5,1500.0,1519.3,44780,
2021-01-18 12:01:00,GLAPHA,1519.3,1540.0,1495.0,1530.5,62418,
2021-01-19 12:01:00,GLAPHA,1560.0,1560.0,1530.0,1541.15,43217,
2021-01-20 12:01:00,GLAPHA,1540.0,1589.0,1538.05,1570.6,44094,
2021-01-21 12:01:00,GLAPHA,1570.0,1578.5,1515.0,1519.5,56577,
2021-01-22 12:01:00,GLAPHA,1527.1,1527.1,1508.0,1517.85,21780,
2021-01-25 12:01:00,GLAPHA,1530.0,1540.0,1480.0,1487.9,38517,
2021-01-27 12:01:00,GLAPHA,1485.0,1511.0,1455.05,1467.5,51747,
2021-01-28 12:01:00,GLAPHA,1469.2,1475.75,1450.1,1460.35,18309,
2021-01-29 12:01:00,GLAPHA,1467.7,1485.0,1460.0,1465.8,11076,
2021-02-01 12:02:00,GLAPHA,1465.0,1480.0,1455.7,1463.6,15292,
2021-02-02 12:02:00,GLAPHA,1485.0,1497.85,1450.0,1456.05,27206,
2021-02-03 12:02:00,GLAPHA,1460.0,1474.45,1452.5,1460.4,102489,
2021-02-04 12:02:00,GLAPHA,1459.5,1469.2,1446.6,1454.7,59117,
2021-02-05 12:02:00,GLAPHA,1463.0,1472.0,1425.5,1430.15,88815,
2021-02-08 12:02:00,GLAPHA,1488.0,1515.0,1449.15,1460.25,308080,
2021-02-09 12:02:00,GLAPHA,1470.0,1488.0,1456.1,1460.1,71258,
2021-02-10 12:02:00,GLAPHA,1465.0,1469.0,1443.4,1446.85,68342,
2021-02-11 12:02:00,GLAPHA,1450.0,1454.05,1421.55,1441.05,65171,
2021-02-12 12:02:00,GLAPHA,1442.0,1457.45,1420.0,1424.65,76163,
2021-02-15 12:02:00,GLAPHA,1430.0,1450.0,1419.3,1432.9,52545,
2021-02-16 12:02:00,GLAPHA,1440.1,1447.0,1428.0,1438.55,29186,
2021-02-17 12:02:00,GLAPHA,1445.0,1450.0,1432.25,1443.85,27440,
2021-02-18 12:02:00,GLAPHA,1450.0,1451.4,1429.0,1439.4,60190,
2021-02-19 12:02:00,GLAPHA,1445.0,1454.0,1435.1,1450.7,93033,
2021-02-22 12:02:00,GLAPHA,1450.0,1457.0,1440.0,1446.4,24767,
2021-02-23 12:02:00,GLAPHA,1447.5,1484.0,1445.0,1453.55,44699,
2021-02-24 12:02:00,GLAPHA,1460.0,1479.8,1430.0,1453.0,15878,
2021-02-25 12:02:00,GLAPHA,1467.4,1482.5,1450.1,1474.7,65907,
2021-02-26 12:02:00,GLAPHA,1474.0,1475.0,1455.5,1460.55,30860,
2021-03-01 12:03:00,GLAPHA,1461.15,1474.45,1443.65,1457.25,31233,
2021-03-02 12:03:00,GLAPHA,1464.55,1479.0,1459.0,1469.85,22952,
2021-03-03 12:03:00,GLAPHA,1470.15,1529.0,1466.1,1523.8,105092,
2021-03-04 12:03:00,GLAPHA,1523.0,1568.9,1515.05,1540.7,102917,
2021-03-05 12:03:00,GLAPHA,1548.8,1575.0,1521.0,1544.2,65002,
2021-03-08 12:03:00,GLAPHA,1550.0,1569.9,1505.55,1520.9,27009,
2021-03-09 12:03:00,GLAPHA,1521.0,1538.8,1495.85,1500.1,131757,
2021-03-10 12:03:00,GLAPHA,1515.0,1519.95,1464.0,1471.9,55952,
2021-03-12 12:03:00,GLAPHA,1480.0,1485.15,1445.1,1450.7,40890,
2021-03-15 12:03:00,GLAPHA,1465.0,1465.0,1418.0,1430.6,45293,
2021-03-16 12:03:00,GLAPHA,1420.0,1445.0,1420.0,1425.3,28436,
2021-03-17 12:03:00,GLAPHA,1430.0,1439.9,1401.1,1412.5,29734,
2021-03-18 12:03:00,GLAPHA,1425.0,1434.95,1390.0,1402.75,24156,
2021-03-19 12:03:00,GLAPHA,1414.0,1450.0,1380.0,1431.9,46137,
2021-03-22 12:03:00,GLAPHA,1431.9,1443.0,1422.0,1425.45,13543,
2021-03-23 12:03:00,GLAPHA,1422.0,1442.0,1410.0,1418.25,17467,
2021-03-24 12:03:00,GLAPHA,1418.25,1425.7,1398.85,1401.55,23217,
2021-03-25 12:03:00,GLAPHA,1402.0,1416.0,1376.0,1402.6,41719,
2021-03-26 12:03:00,GLAPHA,1408.0,1410.0,1398.05,1405.55,23192,
2021-03-30 12:03:00,GLAPHA,1412.9,1429.7,1410.45,1426.2,23836,
2021-03-31 12:03:00,GLAPHA,1430.0,1450.0,1415.0,1440.75,43477,
2021-04-01 12:04:00,GLAPHA,1440.0,1455.0,1430.0,1432.15,30043,
2021-04-05 12:04:00,GLAPHA,1433.15,1439.7,1399.3,1406.1,95479,
2021-04-06 12:04:00,GLAPHA,1413.5,1435.0,1408.0,1424.9,50939,
2021-04-07 12:04:00,GLAPHA,1433.2,1445.0,1423.5,1427.8,13803,
2021-04-08 12:04:00,GLAPHA,1435.0,1439.9,1420.05,1425.4,18068,
2021-04-09 12:04:00,GLAPHA,1438.75,1478.95,1421.0,1446.05,112071,
2021-04-12 12:04:00,GLAPHA,1444.0,1469.95,1431.0,1455.15,70780,
2021-04-13 12:04:00,GLAPHA,1445.0,1484.0,1442.5,1455.55,58121,
2021-04-15 12:04:00,GLAPHA,1455.55,1478.0,1440.0,1465.55,58084,
2021-04-16 12:04:00,GLAPHA,1475.0,1495.0,1465.0,1470.2,76280,
2021-04-19 12:04:00,GLAPHA,1466.0,1470.0,1418.0,1424.2,111951,
2021-04-20 12:04:00,GLAPHA,1431.35,1445.0,1414.05,1436.1,50901,
2021-04-22 12:04:00,GLAPHA,1443.3,1494.0,1430.0,1457.5,92947,
2021-04-23 12:04:00,GLAPHA,1468.0,1478.0,1450.0,1451.95,27420,
2021-04-26 12:04:00,GLAPHA,1452.0,1462.0,1433.05,1451.15,20536,
2021-04-27 12:04:00,GLAPHA,1446.7,1459.8,1440.05,1454.15,12493,
2021-04-28 12:04:00,GLAPHA,1469.7,1469.7,1446.0,1458.4,23695,
2021-04-29 12:04:00,GLAPHA,1460.0,1468.0,1436.3,1458.85,29473,
2021-04-30 12:04:00,GLAPHA,1455.0,1464.9,1440.5,1458.9,23086,
2021-05-03 12:05:00,GLAPHA,1455.0,1466.2,1446.0,1459.05,16406,
2021-05-04 12:05:00,GLAPHA,1460.0,1465.0,1451.1,1457.7,38754,
2021-05-05 12:05:00,GLAPHA,1465.0,1480.0,1452.0,1472.65,24565,
2021-05-06 12:05:00,GLAPHA,1487.5,1490.0,1462.0,1464.2,22764,
2021-05-07 12:05:00,GLAPHA,1471.0,1477.15,1452.45,1465.65,21508,
2021-05-10 12:05:00,GLAPHA,1470.0,1477.0,1448.6,1451.8,57157,
2021-05-11 12:05:00,GLAPHA,1450.0,1480.7,1449.95,1475.75,74875,
2021-05-12 12:05:00,GLAPHA,1476.0,1484.0,1463.0,1477.5,31506,
2021-05-14 12:05:00,GLAPHA,1485.0,1544.0,1475.85,1504.1,289937,
2021-05-17 12:05:00,GLAPHA,1519.9,1543.45,1511.2,1516.45,95728,
2021-05-18 12:05:00,GLAPHA,1516.45,1546.0,1508.0,1516.45,83400,
2021-05-19 12:05:00,GLAPHA,1507.05,1509.9,1470.0,1494.1,98748,
2021-05-20 12:05:00,GLAPHA,1494.2,1503.85,1449.0,1463.8,50043,
2021-05-21 12:05:00,GLAPHA,1483.0,1487.85,1454.2,1462.15,41049,
2021-05-24 12:05:00,GLAPHA,1470.8,1476.9,1457.55,1467.25,21140,
2021-05-25 12:05:00,GLAPHA,1467.25,1474.7,1456.0,1468.7,31911,
2021-05-26 12:05:00,GLAPHA,1470.05,1475.0,1457.0,1464.05,22466,
2021-05-27 12:05:00,GLAPHA,1475.0,1525.0,1469.25,1504.75,125571,
2021-05-28 12:05:00,GLAPHA,1528.0,1575.0,1506.0,1528.6,116777,
2021-05-31 12:05:00,GLAPHA,1535.0,1547.85,1512.0,1517.7,31343,
2021-06-01 12:06:00,GLAPHA,1524.9,1530.0,1492.5,1495.75,25913,
2021-06-02 12:06:00,GLAPHA,1500.0,1529.0,1495.8,1524.35,39275,
2021-06-03 12:06:00,GLAPHA,1524.4,1532.8,1505.1,1520.65,33191,
2021-06-04 12:06:00,GLAPHA,1521.0,1527.05,1505.05,1507.6,16615,
2021-06-07 12:06:00,GLAPHA,1520.0,1520.0,1490.0,1491.95,27995,
2021-06-08 12:06:00,GLAPHA,1499.0,1507.85,1485.0,1488.25,21273,
2021-06-09 12:06:00,GLAPHA,1490.0,1500.0,1477.3,1482.2,19084,
2021-06-10 12:06:00,GLAPHA,1480.0,1492.0,1478.05,1480.15,22016,
2021-06-11 12:06:00,GLAPHA,1491.95,1525.4,1481.05,1517.05,74430,
2021-06-14 12:06:00,GLAPHA,1525.0,1614.0,1495.0,1582.2,255881,
2021-06-15 12:06:00,GLAPHA,1599.0,1634.35,1565.2,1580.15,106906,
2021-06-16 12:06:00,GLAPHA,1584.95,1589.95,1560.0,1568.15,36410,
2021-06-17 12:06:00,GLAPHA,1530.0,1563.8,1530.0,1542.85,41986,
2021-06-18 12:06:00,GLAPHA,1546.0,1558.75,1501.1,1517.2,45569,
2021-06-21 12:06:00,GLAPHA,1515.1,1555.0,1500.15,1535.65,29406,
2021-06-22 12:06:00,GLAPHA,1550.0,1551.45,1507.0,1510.75,39564,
2021-06-23 12:06:00,GLAPHA,1518.7,1537.0,1508.0,1526.4,18732,
2021-06-24 12:06:00,GLAPHA,1545.0,1548.8,1513.65,1517.1,19952,
2021-06-25 12:06:00,GLAPHA,1515.0,1540.0,1510.6,1514.8,28954,
2021-06-28 12:06:00,GLAPHA,1519.95,1540.35,1516.0,1527.9,34243,
2021-06-29 12:06:00,GLAPHA,1529.0,1536.05,1510.35,1516.15,28228,
2021-06-30 12:06:00,GLAPHA,1519.0,1539.0,1500.05,1502.2,47287,
2021-07-01 12:07:00,GLAPHA,1503.05,1522.9,1500.1,1507.95,24209,
2021-07-02 12:07:00,GLAPHA,1512.7,1521.05,1500.0,1515.8,29664,
2021-07-05 12:07:00,GLAPHA,1522.9,1529.55,1510.0,1511.7,20032,
2021-07-06 12:07:00,GLAPHA,1513.0,1526.5,1508.9,1514.7,25146,
2021-07-07 12:07:00,GLAPHA,1517.0,1534.95,1507.1,1512.0,37498,
2021-07-08 12:07:00,GLAPHA,1514.0,1517.35,1499.0,1504.75,71703,
2021-07-09 12:07:00,GLAPHA,1509.7,1509.7,1492.0,1496.95,47068,
2021-07-12 12:07:00,GLAPHA,1504.8,1515.0,1495.0,1496.05,21438,
2021-07-13 12:07:00,GLAPHA,1504.0,1514.9,1490.0,1513.0,42399,
2021-07-14 12:07:00,GLAPHA,1516.6,1559.0,1516.05,1542.15,100230,
2021-07-15 12:07:00,GLAPHA,1549.0,1555.0,1520.15,1546.55,40835,
2021-07-16 12:07:00,GLAPHA,1545.0,1582.5,1537.2,1577.35,117686,
2021-07-19 12:07:00,GLAPHA,1550.0,1652.0,1548.25,1607.55,218580,
2021-07-20 12:07:00,GLAPHA,1610.0,1628.0,1593.05,1605.3,64070,
2021-07-22 12:07:00,GLAPHA,1620.0,1659.0,1605.0,1609.05,78179,
2021-07-23 12:07:00,GLAPHA,1627.0,1687.0,1627.0,1681.75,264189,
2021-07-26 12:07:00,GLAPHA,1700.0,1745.0,1670.1,1728.4,258069,
2021-07-27 12:07:00,GLAPHA,1740.0,1767.4,1656.0,1675.65,168210,
2021-07-28 12:07:00,GLAPHA,1671.05,1683.4,1599.65,1613.05,94969,
2021-07-29 12:07:00,GLAPHA,1630.1,1650.0,1602.35,1627.0,28518,
2021-07-30 12:07:00,GLAPHA,1631.0,1639.9,1602.5,1607.75,24869,
2021-08-02 12:08:00,GLAPHA,1615.8,1635.95,1599.55,1603.95,35030,
2021-08-03 12:08:00,GLAPHA,1612.0,1763.7,1609.95,1683.1,654909,
2021-08-04 12:08:00,GLAPHA,1683.1,1729.7,1675.0,1691.8,95465,
2021-08-05 12:08:00,GLAPHA,1689.0,1704.35,1655.1,1662.75,47470,
2021-08-06 12:08:00,GLAPHA,1673.25,1694.2,1639.65,1645.9,43042,
2021-08-09 12:08:00,GLAPHA,1645.9,1664.05,1625.0,1630.1,20433,
2021-08-10 12:08:00,GLAPHA,1638.3,1720.0,1633.45,1666.15,150766,
2021-08-11 12:08:00,GLAPHA,1666.0,1669.6,1604.95,1619.25,36908,
2021-08-12 12:08:00,GLAPHA,1610.1,1637.95,1605.0,1607.95,32837,
2021-08-13 12:08:00,GLAPHA,1615.0,1630.0,1605.0,1606.7,26693,
2021-08-16 12:08:00,GLAPHA,1605.0,1625.95,1600.0,1606.15,14465,
2021-08-17 12:08:00,GLAPHA,1610.0,1617.0,1582.2,1593.95,30552,
2021-08-18 12:08:00,GLAPHA,1600.0,1605.95,1565.0,1575.15,32869,
2021-08-20 12:08:00,GLAPHA,1590.0,1605.1,1550.0,1562.75,41098,
2021-08-23 12:08:00,GLAPHA,1563.0,1587.55,1520.0,1534.8,44214,
2021-08-24 12:08:00,GLAPHA,1542.3,1570.0,1524.0,1532.5,21709,
2021-08-25 12:08:00,GLAPHA,1540.0,1553.75,1515.0,1522.75,20778,
2021-08-26 12:08:00,GLAPHA,1530.4,1535.0,1512.5,1516.6,20132,
2021-08-27 12:08:00,GLAPHA,1520.0,1520.0,1508.9,1515.65,23148,
2021-08-30 12:08:00,GLAPHA,1530.0,1538.45,1516.05,1521.0,27195,
2021-08-31 12:08:00,GLAPHA,1529.9,1554.5,1520.1,1527.7,32832,
2021-09-01 12:09:00,GLAPHA,1542.8,1567.0,1525.1,1528.85,48807,
2021-09-02 12:09:00,GLAPHA,1535.0,1551.9,1525.55,1529.25,22121,
2021-09-03 12:09:00,GLAPHA,1540.0,1554.0,1498.0,1511.35,56927,
2021-09-06 12:09:00,GLAPHA,1507.9,1514.85,1495.1,1499.5,51297,
2021-09-07 12:09:00,GLAPHA,1506.95,1508.0,1485.0,1492.5,35802,
2021-09-08 12:09:00,GLAPHA,1498.0,1531.75,1487.0,1518.1,94824,
2021-09-09 12:09:00,GLAPHA,1518.1,1529.5,1510.1,1527.05,25387,
2021-09-13 12:09:00,GLAPHA,1530.0,1547.0,1528.35,1538.6,37715,
2021-09-14 12:09:00,GLAPHA,1545.0,1584.45,1530.0,1562.7,81502,
2021-09-15 12:09:00,GLAPHA,1561.0,1577.6,1540.9,1559.2,144085,
2021-09-16 12:09:00,GLAPHA,1560.0,1604.9,1560.0,1572.95,201776,
2021-09-17 12:09:00,GLAPHA,1575.05,1595.15,1521.1,1538.95,88068,
2021-09-20 12:09:00,GLAPHA,1538.95,1548.9,1510.0,1513.6,42151,
2021-09-21 12:09:00,GLAPHA,1515.0,1519.95,1501.0,1504.95,35744,
2021-09-22 12:09:00,GLAPHA,1505.0,1518.2,1498.1,1500.75,35381,
2021-09-23 12:09:00,GLAPHA,1510.0,1521.0,1506.0,1509.4,46866,
2021-09-24 12:09:00,GLAPHA,1509.5,1516.95,1495.25,1498.25,35473,
2021-09-27 12:09:00,GLAPHA,1501.05,1514.95,1485.7,1489.4,37409,
2021-09-28 12:09:00,GLAPHA,1497.2,1519.0,1471.0,1495.2,64970,
2021-09-29 12:09:00,GLAPHA,1490.0,1502.2,1483.05,1484.25,28792,
2021-09-30 12:09:00,GLAPHA,1480.15,1497.9,1478.05,1480.75,59910,
2021-10-01 12:10:00,GLAPHA,1482.0,1487.9,1467.0,1469.3,59003,
2021-10-04 12:10:00,GLAPHA,1472.0,1502.9,1472.0,1498.35,34878,
2021-10-05 12:10:00,GLAPHA,1498.0,1499.0,1475.0,1478.55,64795,
2021-10-06 12:10:00,GLAPHA,1484.0,1497.0,1476.05,1483.65,47461,
2021-10-07 12:10:00,GLAPHA,1515.0,1515.0,1480.0,1483.5,60486,
2021-10-08 12:10:00,GLAPHA,1499.0,1507.85,1484.0,1489.35,46538,
2021-10-11 12:10:00,GLAPHA,1494.05,1498.05,1475.0,1477.0,58511,
2021-10-12 12:10:00,GLAPHA,1479.0,1490.0,1475.0,1484.75,31288,
2021-10-13 12:10:00,GLAPHA,1492.6,1499.5,1475.0,1477.15,47445,
2021-10-14 12:10:00,GLAPHA,1483.45,1489.15,1479.0,1481.7,18583,
2021-10-18 12:10:00,GLAPHA,1485.0,1497.0,1471.15,1474.8,36912,
2021-10-19 12:10:00,GLAPHA,1487.0,1487.0,1461.0,1465.6,32062,
2021-10-20 12:10:00,GLAPHA,1473.3,1476.3,1455.1,1471.35,53136,
2021-10-21 12:10:00,GLAPHA,1475.0,1478.0,1459.5,1468.7,64321,
2021-10-22 12:10:00,GLAPHA,1468.2,1476.0,1460.2,1466.1,15115,
2021-10-25 12:10:00,GLAPHA,1462.2,1473.7,1450.0,1454.5,20502,
2021-10-26 12:10:00,GLAPHA,1455.0,1473.55,1451.75,1462.4,19248,
2021-10-27 12:10:00,GLAPHA,1469.0,1487.5,1462.0,1482.05,29869,
2021-10-28 12:10:00,GLAPHA,1480.0,1489.9,1458.3,1481.7,51298,
2021-10-29 12:10:00,GLAPHA,1482.0,1515.0,1476.0,1503.95,57854,
2021-11-01 12:11:00,GLAPHA,1548.0,1605.0,1531.0,1597.6,313193,
2021-11-02 12:11:00,GLAPHA,1610.0,1624.95,1555.05,1619.6,122690,
2021-11-03 12:11:00,GLAPHA,1605.0,1645.0,1586.0,1640.7,88910,
2021-11-04 12:11:00,GLAPHA,1650.2,1659.85,1632.0,1642.3,29398,
2021-11-08 12:11:00,GLAPHA,1635.0,1681.0,1629.1,1675.2,82728,
2021-11-09 12:11:00,GLAPHA,1675.2,1685.35,1600.25,1609.85,106003,
2021-11-10 12:11:00,GLAPHA,1612.0,1629.9,1583.55,1589.7,44454,
2021-11-11 12:11:00,GLAPHA,1582.0,1607.6,1559.6,1598.55,66665,
2021-11-12 12:11:00,GLAPHA,1599.0,1634.95,1592.0,1612.35,48981,
2021-11-15 12:11:00,GLAPHA,1601.0,1660.0,1601.0,1653.8,119256,
2021-11-16 12:11:00,GLAPHA,1659.0,1659.0,1624.1,1632.6,34451,
2021-11-17 12:11:00,GLAPHA,1648.0,1730.0,1632.6,1700.2,224075,
2021-11-18 12:11:00,GLAPHA,1711.2,1742.5,1625.75,1639.7,86202,
2021-11-22 12:11:00,GLAPHA,1659.7,1674.0,1579.0,1597.35,59593,
2021-11-23 12:11:00,GLAPHA,1587.05,1611.35,1566.5,1598.8,83329,
2021-11-24 12:11:00,GLAPHA,1596.0,1650.0,1596.0,1619.15,45812,
2021-11-25 12:11:00,GLAPHA,1610.0,1824.0,1609.95,1757.35,854830,
2021-11-26 12:11:00,GLAPHA,1750.0,1788.0,1700.0,1703.65,194037,
2021-11-29 12:11:00,GLAPHA,1700.0,1768.9,1661.3,1684.5,116603,
2021-11-30 12:11:00,GLAPHA,1708.0,1725.0,1638.6,1678.95,686523,
2021-12-01 12:12:00,GLAPHA,1719.0,1749.8,1661.15,1671.45,126597,
2021-12-02 12:12:00,GLAPHA,1679.65,1733.0,1645.05,1691.95,171765,
2021-12-03 12:12:00,GLAPHA,1705.7,1752.0,1705.7,1731.05,179815,
2021-12-06 12:12:00,GLAPHA,1787.0,1825.0,1745.95,1780.15,310767,
2021-12-07 12:12:00,GLAPHA,1800.0,1845.0,1757.65,1793.15,277597,
2021-12-08 12:12:00,GLAPHA,1800.0,1856.0,1800.0,1841.4,177008,
2021-12-09 12:12:00,GLAPHA,1870.0,1883.3,1841.4,1868.2,201704,
2021-12-10 12:12:00,GLAPHA,1870.0,1906.9,1844.8,1882.6,108104,
2021-12-13 12:12:00,GLAPHA,1907.4,1918.75,1855.0,1861.5,130627,
2021-12-14 12:12:00,GLAPHA,1860.0,1892.65,1846.0,1867.75,49791,
2021-12-15 12:12:00,GLAPHA,1874.0,1890.0,1830.3,1851.85,39080,
2021-12-16 12:12:00,GLAPHA,1873.0,1874.8,1770.0,1772.7,71634,
2021-12-17 12:12:00,GLAPHA,1772.7,1810.0,1737.7,1789.65,63602,
2021-12-20 12:12:00,GLAPHA,1770.0,1788.0,1715.05,1727.45,47620,
2021-12-21 12:12:00,GLAPHA,1740.0,1796.9,1740.0,1768.45,39056,
2021-12-22 12:12:00,GLAPHA,1777.8,1790.8,1727.05,1746.55,54178,
2021-12-23 12:12:00,GLAPHA,1765.0,1775.25,1736.15,1744.9,31722,
2021-12-24 12:12:00,GLAPHA,1753.0,1757.0,1722.55,1727.8,17888,
2021-12-27 12:12:00,GLAPHA,1735.0,1747.95,1726.0,1730.2,21145,
2021-12-28 12:12:00,GLAPHA,1730.2,1774.0,1730.2,1746.6,17200,
2021-12-29 12:12:00,GLAPHA,1737.15,1767.85,1725.0,1728.75,19981,
2021-12-30 12:12:00,GLAPHA,1764.0,1781.5,1730.0,1759.9,34911,
2021-12-31 12:12:00,GLAPHA,1770.0,1775.45,1742.5,1756.65,20322,
2022-01-03 12:01:00,GLAPHA,1763.0,1770.45,1732.0,1737.15,29512,
2022-01-04 12:01:00,GLAPHA,1740.0,1756.7,1721.35,1734.05,25204,
2022-01-05 12:01:00,GLAPHA,1747.5,1759.75,1697.6,1703.4,47183,
2022-01-06 12:01:00,GLAPHA,1705.0,1730.0,1690.0,1724.85,47608,
2022-01-07 12:01:00,GLAPHA,1730.0,1753.2,1710.0,1745.75,67832,
2022-01-10 12:01:00,GLAPHA,1754.5,1789.9,1728.8,1761.95,136340,
2022-01-11 12:01:00,GLAPHA,1774.0,1785.0,1746.5,1773.45,50393,
2022-01-12 12:01:00,GLAPHA,1775.0,1783.05,1740.35,1771.2,43628,
2022-01-13 12:01:00,GLAPHA,1773.0,1789.0,1735.0,1773.75,60820,
2022-01-14 12:01:00,GLAPHA,1773.75,1788.0,1731.6,1761.25,35157,
2022-01-17 12:01:00,GLAPHA,1761.25,1778.0,1730.0,1738.4,28751,
2022-01-18 12:01:00,GLAPHA,1738.0,1753.35,1695.05,1712.05,25591,
2022-01-19 12:01:00,GLAPHA,1712.05,1724.0,1683.9,1713.3,32380,
2022-01-20 12:01:00,GLAPHA,1711.0,1743.0,1700.6,1730.55,44446,
2022-01-21 12:01:00,GLAPHA,1730.55,1748.8,1712.35,1728.55,34381,
2022-01-24 12:01:00,GLAPHA,1745.0,1749.0,1665.25,1678.4,40096,
2022-01-25 12:01:00,GLAPHA,1675.0,1710.0,1631.0,1653.1,60656,
2022-01-27 12:01:00,GLAPHA,1664.95,1664.95,1610.0,1638.1,163913,
2022-01-28 12:01:00,GLAPHA,1646.7,1652.85,1590.0,1591.75,102771,
2022-01-31 12:01:00,GLAPHA,1565.05,1579.75,1535.45,1563.35,188267,
2022-02-01 12:02:00,GLAPHA,1580.0,1593.9,1533.0,1536.25,55831,
2022-02-02 12:02:00,GLAPHA,1554.5,1583.0,1525.0,1571.45,66548,
2022-02-03 12:02:00,GLAPHA,1587.95,1590.0,1542.0,1549.75,45364,
2022-02-04 12:02:00,GLAPHA,1564.0,1580.0,1545.0,1573.2,37352,
2022-02-07 12:02:00,GLAPHA,1588.0,1594.0,1568.8,1580.5,99846,
2022-02-08 12:02:00,GLAPHA,1553.0,1571.1,1535.5,1550.3,92176,
2022-02-09 12:02:00,GLAPHA,1567.0,1574.5,1532.5,1537.75,111577,
2022-02-10 12:02:00,GLAPHA,1558.0,1567.3,1533.7,1562.95,38776,
2022-02-11 12:02:00,GLAPHA,1555.0,1578.95,1554.25,1569.55,63179,
2022-02-14 12:02:00,GLAPHA,1560.0,1568.4,1536.35,1542.2,59167,
2022-02-15 12:02:00,GLAPHA,1545.5,1584.45,1542.0,1572.25,55071,
2022-02-16 12:02:00,GLAPHA,1576.5,1580.1,1546.65,1572.2,40676,
2022-02-17 12:02:00,GLAPHA,1575.05,1584.0,1545.25,1565.35,41976,
2022-02-18 12:02:00,GLAPHA,1565.35,1576.95,1547.95,1567.6,20410,
2022-02-21 12:02:00,GLAPHA,1556.0,1574.95,1545.5,1567.4,28333,
2022-02-22 12:02:00,GLAPHA,1560.0,1560.0,1516.0,1525.5,43227,
2022-02-23 12:02:00,GLAPHA,1528.0,1570.15,1528.0,1567.35,30355,
2022-02-24 12:02:00,GLAPHA,1535.0,1568.4,1486.8,1500.25,45066,
2022-02-25 12:02:00,GLAPHA,1491.3,1549.45,1491.3,1517.2,17296,
2022-02-28 12:02:00,GLAPHA,1517.2,1558.7,1510.1,1519.25,38297,
2022-03-02 12:03:00,GLAPHA,1526.25,1545.0,1491.6,1540.1,54973,
2022-03-03 12:03:00,GLAPHA,1547.95,1549.35,1515.0,1523.9,32661,
2022-03-04 12:03:00,GLAPHA,1515.0,1525.65,1481.0,1487.45,16220,
2022-03-07 12:03:00,GLAPHA,1475.0,1528.65,1460.0,1505.95,159348,
2022-03-08 12:03:00,GLAPHA,1485.0,1520.95,1472.25,1492.0,111775,
2022-03-09 12:03:00,GLAPHA,1504.9,1569.8,1492.0,1556.65,25508,
2022-03-10 12:03:00,GLAPHA,1560.0,1574.0,1521.2,1528.35,20313,
2022-03-11 12:03:00,GLAPHA,1538.0,1567.15,1533.3,1544.3,23053,
2022-03-14 12:03:00,GLAPHA,1568.0,1568.0,1530.5,1553.5,103258,
2022-03-15 12:03:00,GLAPHA,1553.0,1590.0,1552.95,1570.35,31518,
2022-03-16 12:03:00,GLAPHA,1569.8,1597.85,1526.35,1572.2,72603,
2022-03-17 12:03:00,GLAPHA,1600.0,1611.6,1556.15,1571.5,110232,
2022-03-21 12:03:00,GLAPHA,1572.15,1603.0,1560.0,1577.15,28422,
2022-03-22 12:03:00,GLAPHA,1579.9,1610.0,1551.0,1564.95,28662,
2022-03-23 12:03:00,GLAPHA,1568.0,1588.5,1535.6,1555.55,39366,
2022-03-24 12:03:00,GLAPHA,1550.0,1585.0,1537.0,1544.9,28608,
2022-03-25 12:03:00,GLAPHA,1544.9,1565.0,1530.75,1541.9,31243,
2022-03-28 12:03:00,GLAPHA,1553.75,1560.0,1521.75,1551.05,21172,
2022-03-29 12:03:00,GLAPHA,1550.0,1734.0,1550.0,1696.1,180031,
2022-03-30 12:03:00,GLAPHA,1688.0,1711.6,1630.0,1644.8,72597,
2022-03-31 12:03:00,GLAPHA,1648.0,1695.0,1645.0,1666.9,34037,
2022-04-01 12:04:00,GLAPHA,1644.0,1684.8,1644.0,1658.25,15142,
2022-04-04 12:04:00,GLAPHA,1660.0,1683.0,1612.1,1625.75,51588,
2022-04-05 12:04:00,GLAPHA,1659.9,1659.9,1619.65,1627.55,23796,
2022-04-06 12:04:00,GLAPHA,1627.55,1643.75,1580.0,1631.15,112289,
2022-04-07 12:04:00,GLAPHA,1645.0,1645.0,1606.0,1614.8,28432,
2022-04-08 12:04:00,GLAPHA,1627.9,1627.9,1608.0,1616.05,15708,
2022-04-11 12:04:00,GLAPHA,1609.0,1669.0,1606.75,1655.25,59711,
2022-04-12 12:04:00,GLAPHA,1652.55,1665.0,1635.0,1641.75,20201,
2022-04-13 12:04:00,GLAPHA,1640.0,1653.6,1633.05,1648.45,10693,
2022-04-18 12:04:00,GLAPHA,1625.0,1662.55,1612.05,1629.25,20032,
2022-04-19 12:04:00,GLAPHA,1649.8,1654.0,1605.5,1624.8,18448,
2022-04-20 12:04:00,GLAPHA,1634.9,1670.0,1627.6,1638.2,30016,
2022-04-21 12:04:00,GLAPHA,1640.0,1654.15,1610.0,1621.3,17534,
2022-04-22 12:04:00,GLAPHA,1628.0,1636.25,1590.0,1599.5,27172,
2022-04-25 12:04:00,GLAPHA,1582.0,1599.9,1582.0,1585.5,11211,
2022-04-26 12:04:00,GLAPHA,1597.95,1611.1,1573.0,1592.65,23503,
2022-04-27 12:04:00,GLAPHA,1576.1,1604.0,1576.1,1591.05,10911,
2022-04-28 12:04:00,GLAPHA,1598.45,1614.85,1582.1,1586.85,11363,
2022-04-29 12:04:00,GLAPHA,1585.0,1599.8,1562.0,1571.05,13624,
2022-05-02 12:05:00,GLAPHA,1566.0,1578.2,1546.0,1552.05,11398,
2022-05-04 12:05:00,GLAPHA,1570.0,1570.0,1519.15,1526.55,15603,
2022-05-05 12:05:00,GLAPHA,1530.1,1554.85,1514.9,1549.7,27132,
2022-05-06 12:05:00,GLAPHA,1545.0,1564.25,1519.0,1526.25,15854,
2022-05-09 12:05:00,GLAPHA,1515.0,1554.0,1474.85,1528.05,63036,
2022-05-10 12:05:00,GLAPHA,1516.1,1530.0,1491.0,1497.3,20915,
2022-05-11 12:05:00,GLAPHA,1504.3,1516.95,1470.0,1477.65,19169,
2022-05-12 12:05:00,GLAPHA,1478.0,1508.7,1459.85,1482.7,22111,
2022-05-13 12:05:00,GLAPHA,1485.0,1510.95,1465.3,1493.3,24560,
2022-05-16 12:05:00,GLAPHA,1495.0,1520.0,1490.7,1514.9,10408,
2022-05-17 12:05:00,GLAPHA,1549.0,1550.0,1508.45,1520.75,107901,
2022-05-18 12:05:00,GLAPHA,1542.0,1543.95,1516.0,1525.0,18392,
2022-05-19 12:05:00,GLAPHA,1524.5,1530.0,1503.3,1524.85,12222,
2022-05-20 12:05:00,GLAPHA,1539.9,1548.0,1530.0,1542.3,12060,
2022-05-23 12:05:00,GLAPHA,1550.0,1564.95,1538.0,1554.55,13305,
2022-05-24 12:05:00,GLAPHA,1570.0,1570.0,1533.15,1554.15,12358,
2022-05-25 12:05:00,GLAPHA,1560.0,1561.5,1514.0,1520.7,18465,
2022-05-26 12:05:00,GLAPHA,1538.7,1538.7,1501.25,1511.0,19672,
2022-05-27 12:05:00,GLAPHA,1535.0,1535.0,1508.85,1517.2,83545,
2022-05-30 12:05:00,GLAPHA,1520.0,1537.15,1515.0,1518.5,17305,
2022-05-31 12:05:00,GLAPHA,1535.0,1535.0,1500.0,1511.75,23349,
2022-06-01 12:06:00,GLAPHA,1524.0,1530.0,1502.05,1525.2,32091,
2022-06-02 12:06:00,GLAPHA,1517.35,1523.15,1505.0,1507.1,24820,
2022-06-03 12:06:00,GLAPHA,1513.55,1521.8,1497.2,1500.3,19108,
2022-06-06 12:06:00,GLAPHA,1510.0,1520.0,1490.05,1507.9,26089,
2022-06-07 12:06:00,GLAPHA,1507.9,1515.0,1501.0,1511.7,12072,
2022-06-08 12:06:00,GLAPHA,1530.0,1539.9,1511.0,1521.45,92846,
2022-06-09 12:06:00,GLAPHA,1529.75,1549.9,1525.9,1539.4,28668,
2022-06-10 12:06:00,GLAPHA,1520.0,1563.65,1519.4,1547.25,23094,
2022-06-13 12:06:00,GLAPHA,1550.0,1559.55,1527.35,1532.55,28047,
2022-06-14 12:06:00,GLAPHA,1536.0,1549.45,1527.4,1535.25,9464,
2022-06-15 12:06:00,GLAPHA,1537.75,1544.8,1533.05,1537.65,9120,
2022-06-16 12:06:00,GLAPHA,1550.0,1550.0,1485.6,1500.15,33546,
2022-06-17 12:06:00,GLAPHA,1514.0,1530.0,1480.0,1520.85,31447,
2022-06-20 12:06:00,GLAPHA,1520.85,1525.9,1495.0,1508.25,22244,
2022-06-21 12:06:00,GLAPHA,1506.6,1520.9,1506.6,1514.15,32622,
2022-06-22 12:06:00,GLAPHA,1520.05,1522.8,1502.5,1507.3,12956,
2022-06-23 12:06:00,GLAPHA,1511.0,1519.0,1496.95,1499.75,18600,
2022-06-24 12:06:00,GLAPHA,1500.0,1517.95,1497.85,1499.8,23915,
2022-06-27 12:06:00,GLAPHA,1505.0,1517.0,1496.0,1499.0,32009,
2022-06-28 12:06:00,GLAPHA,1507.75,1507.8,1494.0,1498.0,29584,
2022-06-29 12:06:00,GLAPHA,1495.0,1509.7,1491.1,1497.95,33546,
2022-06-30 12:06:00,GLAPHA,1500.0,1509.25,1495.35,1499.6,34792,
2022-07-01 12:07:00,GLAPHA,1505.0,1527.0,1499.0,1501.5,54631,
2022-07-04 12:07:00,GLAPHA,1524.05,1539.0,1512.55,1531.75,61822,
2022-07-05 12:07:00,GLAPHA,1544.35,1548.7,1535.0,1543.7,109803,
2022-07-06 12:07:00,GLAPHA,1544.95,1554.95,1538.0,1547.4,77732,
2022-07-07 12:07:00,GLAPHA,1479.9,1509.0,1461.25,1504.45,98704,
2022-07-08 12:07:00,GLAPHA,1504.7,1504.75,1490.0,1494.55,29111,
2022-07-11 12:07:00,GLAPHA,1490.5,1503.0,1477.85,1499.5,33235,
2022-07-12 12:07:00,GLAPHA,1499.5,1504.45,1490.6,1500.1,21877,
2022-07-13 12:07:00,GLAPHA,1504.9,1504.9,1490.2,1496.5,10054,
2022-07-14 12:07:00,GLAPHA,1496.0,1507.0,1491.15,1502.9,21344,
2022-07-15 12:07:00,GLAPHA,1505.0,1518.7,1495.4,1509.85,27504,
2022-07-18 12:07:00,GLAPHA,1509.85,1519.8,1500.1,1512.4,20000,
2022-07-19 12:07:00,GLAPHA,1519.0,1528.8,1502.0,1512.55,30992,
2022-07-20 12:07:00,GLAPHA,1512.0,1518.0,1491.0,1494.85,23675,
2022-07-21 12:07:00,GLAPHA,1502.0,1505.3,1492.85,1499.05,9254,
2022-07-22 12:07:00,GLAPHA,1504.95,1510.15,1492.0,1505.2,14753,
2022-07-25 12:07:00,GLAPHA,1509.25,1512.0,1488.0,1495.7,26294,
2022-07-26 12:07:00,GLAPHA,1507.95,1507.95,1453.65,1461.45,71978,
2022-07-27 12:07:00,GLAPHA,1469.1,1477.9,1447.2,1451.4,21983,
2022-07-28 12:07:00,GLAPHA,1459.9,1470.0,1395.25,1399.2,172810,
2022-07-29 12:07:00,GLAPHA,1413.15,1423.4,1400.0,1406.3,73306,
2022-08-01 12:08:00,GLAPHA,1414.0,1444.9,1406.0,1424.2,48430,
2022-08-02 12:08:00,GLAPHA,1425.0,1430.05,1414.0,1415.3,31955,
2022-08-03 12:08:00,GLAPHA,1420.0,1420.0,1377.0,1382.6,149841,
2022-08-04 12:08:00,GLAPHA,1399.9,1404.0,1372.05,1395.65,122860,
2022-08-05 12:08:00,GLAPHA,1404.9,1416.4,1400.0,1408.5,37744,
2022-08-08 12:08:00,GLAPHA,1410.0,1449.0,1402.0,1443.4,287944,
2022-08-10 12:08:00,GLAPHA,1455.95,1455.95,1430.3,1445.85,101962,
2022-08-11 12:08:00,GLAPHA,1445.85,1454.35,1440.05,1445.25,86555,
2022-08-12 12:08:00,GLAPHA,1452.9,1452.9,1433.6,1442.9,25559,
2022-08-16 12:08:00,GLAPHA,1435.0,1455.0,1435.0,1450.0,102936,
2022-08-17 12:08:00,GLAPHA,1450.0,1469.95,1446.3,1461.85,30825,
2022-08-18 12:08:00,GLAPHA,1461.0,1487.0,1457.65,1478.55,63406,
2022-08-19 12:08:00,GLAPHA,1478.55,1484.5,1462.6,1473.15,52042,
2022-08-22 12:08:00,GLAPHA,1475.0,1478.15,1448.4,1455.8,99572,
2022-08-23 12:08:00,GLAPHA,1459.0,1469.9,1445.0,1464.4,23483,
2022-08-24 12:08:00,GLAPHA,1465.15,1469.95,1441.05,1464.95,129390,
2022-08-25 12:08:00,GLAPHA,1470.0,1485.0,1463.7,1477.2,97949,
2022-08-26 12:08:00,GLAPHA,1484.25,1484.95,1455.0,1470.45,28631,
2022-08-29 12:08:00,GLAPHA,1450.0,1477.55,1446.05,1468.0,35409,
2022-08-30 12:08:00,GLAPHA,1458.05,1476.65,1449.4,1457.75,37419,
2022-09-01 12:09:00,GLAPHA,1458.0,1462.5,1439.0,1445.35,14040,
2022-09-02 12:09:00,GLAPHA,1455.9,1459.75,1426.3,1433.75,24075,
2022-09-05 12:09:00,GLAPHA,1441.3,1449.0,1430.35,1440.15,17498,
2022-09-06 12:09:00,GLAPHA,1440.15,1461.9,1415.2,1417.5,188084,
2022-09-07 12:09:00,GLAPHA,1428.75,1431.4,1417.0,1424.2,24313,
2022-09-08 12:09:00,GLAPHA,1431.1,1444.0,1426.1,1438.1,20804,
2022-09-09 12:09:00,GLAPHA,1444.0,1448.4,1426.0,1428.85,136929,
2022-09-12 12:09:00,GLAPHA,1436.4,1441.55,1418.05,1420.0,82838,
2022-09-13 12:09:00,GLAPHA,1427.9,1439.05,1414.0,1417.7,305914,
2022-09-14 12:09:00,GLAPHA,1400.0,1429.0,1400.0,1407.65,28306,
2022-09-15 12:09:00,GLAPHA,1402.0,1423.6,1402.0,1405.9,91316,
2022-09-16 12:09:00,GLAPHA,1405.0,1446.0,1403.0,1431.75,82527,
2022-09-19 12:09:00,GLAPHA,1429.9,1434.85,1403.0,1408.6,19806,
2022-09-20 12:09:00,GLAPHA,1420.0,1421.5,1397.05,1400.0,64955,
2022-09-21 12:09:00,GLAPHA,1398.5,1419.9,1398.1,1415.05,37805,
2022-09-22 12:09:00,GLAPHA,1410.0,1434.9,1405.6,1418.05,139967,
2022-09-23 12:09:00,GLAPHA,1418.05,1424.8,1397.15,1404.25,61933,
2022-09-26 12:09:00,GLAPHA,1408.0,1418.9,1389.2,1392.65,100547,
2022-09-27 12:09:00,GLAPHA,1392.7,1417.95,1380.0,1384.25,124428,
2022-09-28 12:09:00,GLAPHA,1389.85,1411.0,1381.0,1398.45,34889,
2022-09-29 12:09:00,GLAPHA,1404.0,1464.0,1399.15,1446.8,80832,
2022-09-30 12:09:00,GLAPHA,1460.0,1461.7,1411.1,1424.4,100728,
2022-10-03 12:10:00,GLAPHA,1424.4,1444.85,1410.25,1415.5,46800,
2022-10-04 12:10:00,GLAPHA,1423.0,1433.35,1401.0,1405.1,94803,
2022-10-06 12:10:00,GLAPHA,1407.1,1419.25,1406.0,1408.65,19139,
2022-10-07 12:10:00,GLAPHA,1409.1,1414.75,1390.05,1395.05,51728,
2022-10-10 12:10:00,GLAPHA,1400.0,1405.1,1386.25,1393.45,47537,
2022-10-11 12:10:00,GLAPHA,1395.25,1405.0,1384.0,1385.5,36370,
2022-10-12 12:10:00,GLAPHA,1392.45,1401.95,1382.0,1384.8,32104,
2022-10-13 12:10:00,GLAPHA,1389.0,1401.3,1374.7,1378.15,42095,
2022-10-14 12:10:00,GLAPHA,1385.05,1393.95,1373.05,1378.65,32966,
2022-10-17 12:10:00,GLAPHA,1385.55,1387.95,1368.15,1374.85,42239,
2022-10-18 12:10:00,GLAPHA,1381.0,1402.25,1371.0,1377.9,58034,
2022-10-19 12:10:00,GLAPHA,1378.0,1384.8,1366.0,1367.7,41505,
2022-10-20 12:10:00,GLAPHA,1371.0,1379.75,1356.4,1363.2,67560,
2022-10-21 12:10:00,GLAPHA,1367.45,1373.2,1353.0,1355.95,33032,
2022-10-24 12:10:00,GLAPHA,1364.9,1375.0,1360.0,1373.35,6876,
2022-10-25 12:10:00,GLAPHA,1373.35,1377.3,1361.05,1363.65,24142,
2022-10-27 12:10:00,GLAPHA,1374.0,1378.95,1363.7,1365.75,128053,
2022-10-28 12:10:00,GLAPHA,1364.05,1383.0,1364.05,1374.85,89705,
2022-10-31 12:10:00,GLAPHA,1385.0,1386.95,1357.6,1377.35,138505,
2022-11-01 12:11:00,GLAPHA,1380.0,1403.7,1375.1,1378.6,55611,
2022-11-02 12:11:00,GLAPHA,1385.0,1387.95,1368.6,1370.15,51819,
2022-11-03 12:11:00,GLAPHA,1375.0,1381.0,1360.0,1361.25,141404,
2022-11-04 12:11:00,GLAPHA,1362.1,1373.0,1343.05,1345.8,102612,
2022-11-07 12:11:00,GLAPHA,1354.5,1359.7,1330.2,1338.2,67351,
2022-11-09 12:11:00,GLAPHA,1345.0,1353.0,1330.3,1340.95,156362,
2022-11-10 12:11:00,GLAPHA,1341.0,1358.0,1329.05,1335.05,71863,
2022-11-11 12:11:00,GLAPHA,1340.75,1344.95,1320.0,1325.3,168219,
2022-11-14 12:11:00,GLAPHA,1331.95,1344.85,1320.05,1337.7,51704,
2022-11-15 12:11:00,GLAPHA,1339.9,1352.0,1325.0,1328.8,67840,
2022-11-16 12:11:00,GLAPHA,1338.5,1338.5,1325.3,1329.3,35489,
2022-11-17 12:11:00,GLAPHA,1333.0,1335.0,1322.0,1327.9,24171,
2022-11-18 12:11:00,GLAPHA,1328.0,1334.55,1313.2,1319.35,32507,
2022-11-21 12:11:00,GLAPHA,1319.5,1325.7,1300.0,1308.55,32853,
2022-11-22 12:11:00,GLAPHA,1311.25,1315.9,1305.0,1308.95,23899,
2022-11-23 12:11:00,GLAPHA,1310.0,1313.95,1295.95,1300.45,30353,
2022-11-24 12:11:00,GLAPHA,1309.0,1309.0,1296.0,1300.55,117871,
2022-11-25 12:11:00,GLAPHA,1344.0,1357.65,1322.1,1333.7,104011,
2022-11-28 12:11:00,GLAPHA,1340.0,1340.0,1323.9,1329.25,58171,
2022-11-29 12:11:00,GLAPHA,1328.95,1330.1,1321.05,1329.05,21901,
2022-11-30 12:11:00,GLAPHA,1330.1,1343.0,1326.95,1337.15,42152,
2022-12-01 12:12:00,GLAPHA,1345.7,1345.7,1314.45,1319.2,55980,
2022-12-02 12:12:00,GLAPHA,1325.0,1338.8,1316.3,1336.15,29390,
2022-12-05 12:12:00,GLAPHA,1337.35,1344.9,1319.9,1341.85,39178,
2022-12-06 12:12:00,GLAPHA,1343.05,1343.8,1326.0,1328.15,24457,
2022-12-07 12:12:00,GLAPHA,1328.0,1360.4,1319.0,1339.05,65163,
2022-12-08 12:12:00,GLAPHA,1341.0,1341.0,1327.65,1334.2,34305,
2022-12-09 12:12:00,GLAPHA,1335.0,1338.45,1330.0,1331.7,13413,
2022-12-12 12:12:00,GLAPHA,1334.0,1334.3,1316.45,1330.45,182442,
2022-12-13 12:12:00,GLAPHA,1326.0,1339.45,1326.0,1336.5,24965,
2022-12-14 12:12:00,GLAPHA,1338.0,1348.8,1332.8,1341.75,129711,
2022-12-15 12:12:00,GLAPHA,1340.0,1355.0,1338.3,1343.45,34457,
2022-12-16 12:12:00,GLAPHA,1347.55,1370.0,1332.2,1344.4,109971,
2022-12-19 12:12:00,GLAPHA,1340.0,1349.9,1329.6,1333.7,15776,
2022-12-20 12:12:00,GLAPHA,1337.7,1345.0,1322.5,1329.35,16813,
2022-12-21 12:12:00,GLAPHA,1330.0,1353.0,1327.5,1345.1,36766,
2022-12-22 12:12:00,GLAPHA,1345.1,1355.95,1325.0,1344.8,34879,
2022-12-23 12:12:00,GLAPHA,1344.8,1350.0,1320.0,1340.2,35876,
2022-12-26 12:12:00,GLAPHA,1340.2,1345.65,1327.1,1330.85,20571,
2022-12-27 12:12:00,GLAPHA,1337.6,1339.75,1325.0,1330.3,16596,
2022-12-28 12:12:00,GLAPHA,1328.35,1338.1,1324.9,1331.3,12743,
2022-12-29 12:12:00,GLAPHA,1331.4,1348.0,1323.25,1342.05,23246,
2022-12-30 12:12:00,GLAPHA,1344.05,1344.6,1308.0,1318.75,52554,
2023-01-02 12:01:00,GLAPHA,1300.0,1329.85,1300.0,1316.3,31461,
2023-01-03 12:01:00,GLAPHA,1318.0,1324.65,1298.8,1303.85,50982,
2023-01-04 12:01:00,GLAPHA,1305.85,1309.95,1297.85,1301.95,20898,
2023-01-05 12:01:00,GLAPHA,1299.5,1306.75,1299.5,1302.25,20011,
2023-01-06 12:01:00,GLAPHA,1301.6,1305.3,1298.0,1300.85,14938,
2023-01-09 12:01:00,GLAPHA,1306.0,1311.9,1296.0,1298.0,21046,
2023-01-10 12:01:00,GLAPHA,1304.7,1309.85,1296.0,1305.3,18298,
2023-01-11 12:01:00,GLAPHA,1304.75,1304.75,1294.3,1300.55,21610,
2023-01-12 12:01:00,GLAPHA,1301.0,1319.9,1298.85,1317.05,267997,
2023-01-13 12:01:00,GLAPHA,1320.0,1320.0,1301.0,1304.7,16471,
2023-01-16 12:01:00,GLAPHA,1306.7,1308.5,1298.55,1302.15,10687,
2023-01-17 12:01:00,GLAPHA,1302.05,1309.85,1299.1,1305.45,13909,
2023-01-18 12:01:00,GLAPHA,1305.45,1308.05,1300.65,1304.7,80059,
2023-01-19 12:01:00,GLAPHA,1304.3,1312.25,1294.3,1298.15,21228,
2023-01-20 12:01:00,GLAPHA,1298.15,1303.3,1287.4,1289.2,21549,
2023-01-23 12:01:00,GLAPHA,1295.15,1295.55,1275.0,1277.65,24246,
2023-01-24 12:01:00,GLAPHA,1283.65,1284.0,1270.05,1271.25,14692,
2023-01-25 12:01:00,GLAPHA,1271.75,1282.0,1260.1,1262.1,31463,
2023-01-27 12:01:00,GLAPHA,1268.7,1273.95,1257.0,1263.0,170225,
2023-01-30 12:01:00,GLAPHA,1261.0,1271.9,1255.0,1257.65,20511,
2023-01-31 12:01:00,GLAPHA,1255.0,1275.9,1245.0,1246.2,53037,
2023-02-01 12:02:00,GLAPHA,1254.95,1267.7,1241.5,1250.0,33879,
2023-02-02 12:02:00,GLAPHA,1252.0,1252.0,1231.0,1235.25,19940,
2023-02-03 12:02:00,GLAPHA,1237.1,1248.9,1231.0,1245.1,18635,
2023-02-06 12:02:00,GLAPHA,1247.1,1254.95,1235.0,1237.85,23210,
2023-02-07 12:02:00,GLAPHA,1239.9,1253.0,1235.0,1240.15,37493,
2023-02-08 12:02:00,GLAPHA,1242.15,1283.0,1239.05,1279.0,196020,
2023-02-09 12:02:00,GLAPHA,1290.0,1292.9,1260.3,1266.15,24116,
2023-02-10 12:02:00,GLAPHA,1272.15,1291.9,1250.1,1252.6,74406,
2023-02-13 12:02:00,GLAPHA,1255.0,1268.0,1242.05,1258.8,21218,
2023-02-14 12:02:00,GLAPHA,1254.0,1259.85,1240.0,1244.45,15504,
2023-02-15 12:02:00,GLAPHA,1244.45,1264.0,1235.25,1249.75,66489,
2023-02-16 12:02:00,GLAPHA,1252.35,1254.75,1238.0,1239.1,48444,
2023-02-17 12:02:00,GLAPHA,1245.0,1255.0,1235.55,1242.1,52018,
2023-02-20 12:02:00,GLAPHA,1248.6,1286.05,1240.85,1278.45,44014,
2023-02-21 12:02:00,GLAPHA,1275.9,1298.5,1266.8,1295.45,156843,
2023-02-22 12:02:00,GLAPHA,1281.35,1296.0,1272.8,1291.1,82592,
2023-02-23 12:02:00,GLAPHA,1293.95,1304.0,1286.0,1299.2,127238,
2023-02-24 12:02:00,GLAPHA,1293.2,1320.0,1293.2,1312.4,40792,
2023-02-27 12:02:00,GLAPHA,1316.5,1322.5,1292.55,1319.45,25520,
2023-02-28 12:02:00,GLAPHA,1318.5,1350.0,1309.05,1336.25,103192,
2023-03-01 12:03:00,GLAPHA,1336.7,1341.0,1321.0,1336.5,19857,
2023-03-02 12:03:00,GLAPHA,1333.8,1338.1,1315.0,1325.75,14707,
2023-03-03 12:03:00,GLAPHA,1325.95,1332.5,1321.75,1324.75,11562,
2023-03-06 12:03:00,GLAPHA,1324.5,1337.8,1275.05,1295.5,30810,
2023-03-08 12:03:00,GLAPHA,1299.85,1299.85,1276.2,1283.3,127188,
2023-03-09 12:03:00,GLAPHA,1284.8,1305.0,1280.0,1296.55,71666,
2023-03-10 12:03:00,GLAPHA,1293.0,1306.55,1283.95,1297.55,12607,
2023-03-13 12:03:00,GLAPHA,1292.7,1303.95,1267.95,1297.9,36622,
2023-03-14 12:03:00,GLAPHA,1296.0,1297.05,1270.2,1292.15,21148,
2023-03-15 12:03:00,GLAPHA,1290.0,1292.05,1272.0,1278.4,10347,
2023-03-16 12:03:00,GLAPHA,1278.4,1278.4,1249.55,1259.95,53186,
2023-03-17 12:03:00,GLAPHA,1263.9,1298.8,1234.0,1287.4,49450,
2023-03-20 12:03:00,GLAPHA,1275.0,1285.0,1262.55,1282.6,30416,
2023-03-21 12:03:00,GLAPHA,1284.65,1303.0,1280.05,1300.8,22464,
2023-03-22 12:03:00,GLAPHA,1300.0,1310.0,1280.0,1283.15,27014,
2023-03-23 12:03:00,GLAPHA,1284.95,1299.5,1275.8,1295.55,21937,
2023-03-24 12:03:00,GLAPHA,1295.55,1306.6,1271.1,1288.45,37487,
2023-03-27 12:03:00,GLAPHA,1281.6,1289.75,1262.5,1268.5,23853,
2023-03-28 12:03:00,GLAPHA,1261.1,1278.0,1250.0,1274.75,30112,
2023-03-29 12:03:00,GLAPHA,1274.45,1287.0,1262.9,1275.7,25234,
2023-03-31 12:03:00,GLAPHA,1276.05,1331.0,1276.05,1324.75,48862,
2023-04-03 12:04:00,GLAPHA,1331.4,1336.65,1287.5,1294.55,42489,
2023-04-05 12:04:00,GLAPHA,1284.0,1314.2,1284.0,1303.05,18909,
2023-04-06 12:04:00,GLAPHA,1303.05,1312.25,1294.0,1300.05,13470,
2023-04-10 12:04:00,GLAPHA,1304.6,1306.6,1288.05,1290.35,17700,
2023-04-11 12:04:00,GLAPHA,1291.4,1297.1,1280.0,1281.45,18901,
2023-04-12 12:04:00,GLAPHA,1282.15,1287.45,1265.0,1266.95,36292,
2023-04-13 12:04:00,GLAPHA,1267.95,1275.55,1254.0,1257.8,47478,
2023-04-17 12:04:00,GLAPHA,1264.95,1289.95,1247.9,1249.65,49978,
2023-04-18 12:04:00,GLAPHA,1250.25,1259.9,1234.35,1238.15,58898,
2023-04-19 12:04:00,GLAPHA,1240.0,1259.85,1240.0,1245.65,66151,
2023-04-20 12:04:00,GLAPHA,1250.0,1251.75,1233.2,1234.55,39602,
2023-04-21 12:04:00,GLAPHA,1234.6,1244.0,1234.6,1240.2,19692,
2023-04-24 12:04:00,GLAPHA,1241.0,1266.0,1237.0,1247.85,72010,
2023-04-25 12:04:00,GLAPHA,1248.1,1259.0,1242.75,1245.25,49547,
2023-04-26 12:04:00,GLAPHA,1246.05,1261.95,1233.0,1233.95,73524,
2023-04-27 12:04:00,GLAPHA,1244.75,1250.8,1232.8,1246.95,34208,
2023-04-28 12:04:00,GLAPHA,1248.3,1256.15,1240.0,1241.9,93137,
2023-05-02 12:05:00,GLAPHA,1242.95,1248.4,1228.5,1230.6,333169,
2023-05-03 12:05:00,GLAPHA,1230.0,1265.0,1227.0,1248.15,96451,
2023-05-04 12:05:00,GLAPHA,1252.65,1261.15,1241.5,1243.95,48468,
2023-05-05 12:05:00,GLAPHA,1243.95,1252.0,1241.15,1249.15,18033,
2023-05-08 12:05:00,GLAPHA,1249.0,1262.0,1243.15,1260.25,44365,
2023-05-09 12:05:00,GLAPHA,1264.8,1279.9,1260.0,1277.95,64774,
2023-05-10 12:05:00,GLAPHA,1280.0,1283.95,1275.0,1281.9,145686,
2023-05-11 12:05:00,GLAPHA,1285.95,1298.0,1280.5,1284.75,26392,
2023-05-12 12:05:00,GLAPHA,1282.0,1289.95,1275.0,1276.0,22013,
2023-05-15 12:05:00,GLAPHA,1266.15,1281.6,1266.15,1279.95,34871,
2023-05-16 12:05:00,GLAPHA,1294.0,1304.9,1280.7,1289.55,24171,
2023-05-17 12:05:00,GLAPHA,1289.95,1300.0,1285.0,1295.1,25412,
2023-05-18 12:05:00,GLAPHA,1295.1,1299.9,1264.9,1281.5,124231,
2023-05-19 12:05:00,GLAPHA,1280.35,1295.6,1277.1,1290.45,23293,
2023-05-22 12:05:00,GLAPHA,1290.0,1301.95,1277.6,1299.6,101364,
2023-05-23 12:05:00,GLAPHA,1299.6,1325.0,1299.6,1311.1,27273,
2023-05-24 12:05:00,GLAPHA,1313.2,1316.45,1297.05,1309.65,22926,
2023-05-25 12:05:00,GLAPHA,1301.1,1316.5,1295.0,1304.45,70809,
2023-05-26 12:05:00,GLAPHA,1311.0,1311.0,1300.0,1309.0,16988,
2023-05-29 12:05:00,GLAPHA,1309.0,1309.6,1297.2,1304.15,121766,
2023-05-30 12:05:00,GLAPHA,1304.1,1318.0,1302.25,1306.55,141683,
2023-05-31 12:05:00,GLAPHA,1306.55,1314.85,1303.75,1305.35,32350,
2023-06-01 12:06:00,GLAPHA,1305.35,1339.3,1305.35,1327.2,38153,
2023-06-02 12:06:00,GLAPHA,1332.75,1400.0,1289.7,1390.95,233374,
2023-06-05 12:06:00,GLAPHA,1396.0,1415.0,1380.1,1393.9,99415,
2023-06-06 12:06:00,GLAPHA,1400.0,1404.0,1374.0,1388.8,47101,
2023-06-07 12:06:00,GLAPHA,1395.75,1397.5,1380.15,1383.55,36430,
2023-06-08 12:06:00,GLAPHA,1390.8,1390.8,1365.0,1368.05,19184,
2023-06-09 12:06:00,GLAPHA,1369.2,1378.95,1361.85,1365.9,25503,
2023-06-12 12:06:00,GLAPHA,1367.35,1389.9,1365.9,1387.45,25213,
2023-06-13 12:06:00,GLAPHA,1389.55,1408.0,1386.5,1396.0,43535,
2023-06-14 12:06:00,GLAPHA,1399.95,1418.0,1394.0,1412.2,71096,
2023-06-15 12:06:00,GLAPHA,1410.0,1420.5,1395.1,1401.5,245781,
2023-06-16 12:06:00,GLAPHA,1400.0,1428.0,1399.9,1419.2,100659,
2023-06-19 12:06:00,GLAPHA,1419.2,1422.15,1411.0,1415.25,23807,
2023-06-20 12:06:00,GLAPHA,1420.0,1434.8,1410.8,1431.25,50733,
2023-06-21 12:06:00,GLAPHA,1432.0,1449.6,1420.5,1433.0,52290,
2023-06-22 12:06:00,GLAPHA,1438.95,1448.75,1432.45,1437.75,66866,
2023-06-23 12:06:00,GLAPHA,1437.0,1443.75,1399.0,1414.75,54333,
2023-06-26 12:06:00,GLAPHA,1420.0,1440.0,1403.0,1430.45,55259,
2023-06-27 12:06:00,GLAPHA,1447.0,1447.0,1420.1,1431.3,35994,
2023-06-28 12:06:00,GLAPHA,1438.1,1449.85,1422.0,1438.55,65364,
2023-06-30 12:06:00,GLAPHA,1419.0,1429.0,1405.85,1425.1,43596,
2023-07-03 12:07:00,GLAPHA,1420.0,1428.7,1400.05,1419.75,79567,
2023-07-04 12:07:00,GLAPHA,1403.0,1425.0,1403.0,1420.8,31251,
2023-07-05 12:07:00,GLAPHA,1418.0,1425.2,1405.0,1421.2,72327,
2023-07-06 12:07:00,GLAPHA,1421.2,1422.45,1400.0,1415.5,52843,
2023-07-07 12:07:00,GLAPHA,1406.2,1414.25,1395.45,1400.45,54164,
2023-07-10 12:07:00,GLAPHA,1405.0,1412.65,1394.3,1397.3,75127,
2023-07-11 12:07:00,GLAPHA,1385.0,1408.75,1380.4,1389.35,202879,
2023-07-12 12:07:00,GLAPHA,1395.0,1410.0,1385.45,1394.9,126011,
2023-07-13 12:07:00,GLAPHA,1399.9,1406.1,1395.0,1401.0,205403,
2023-07-14 12:07:00,GLAPHA,1403.0,1403.0,1386.0,1387.4,100421,
2023-07-17 12:07:00,GLAPHA,1401.0,1460.0,1394.45,1416.25,241291,
2023-07-18 12:07:00,GLAPHA,1428.0,1428.0,1398.05,1413.45,118423,
2023-07-19 12:07:00,GLAPHA,1420.0,1420.0,1397.45,1401.85,124968,
2023-07-20 12:07:00,GLAPHA,1408.9,1408.9,1390.05,1393.7,26689,
2023-07-21 12:07:00,GLAPHA,1394.2,1404.2,1377.25,1398.35,50612,
2023-07-24 12:07:00,GLAPHA,1405.0,1409.2,1385.25,1391.9,43477,
2023-07-25 12:07:00,GLAPHA,1392.0,1407.0,1380.1,1402.8,98368,
2023-07-26 12:07:00,GLAPHA,1407.0,1414.85,1386.55,1401.4,122943,
2023-07-27 12:07:00,GLAPHA,1408.8,1409.9,1391.7,1400.3,79298,
2023-07-28 12:07:00,GLAPHA,1400.3,1418.45,1387.15,1395.2,56528,
2023-07-31 12:07:00,GLAPHA,1399.95,1414.4,1386.0,1396.1,54386,
2023-08-01 12:08:00,GLAPHA,1403.4,1410.0,1391.35,1405.0,50880,
2023-08-02 12:08:00,GLAPHA,1408.9,1408.9,1388.0,1405.0,61211,
2023-08-03 12:08:00,GLAPHA,1405.0,1426.2,1393.8,1402.2,79757,
2023-08-04 12:08:00,GLAPHA,1409.25,1410.0,1396.25,1401.6,13284,
2023-08-07 12:08:00,GLAPHA,1407.6,1410.0,1393.85,1399.1,45085,
2023-08-08 12:08:00,GLAPHA,1399.1,1403.55,1390.0,1400.65,45613,
2023-08-09 12:08:00,GLAPHA,1400.65,1442.0,1395.0,1433.3,97914,
2023-08-10 12:08:00,GLAPHA,1440.5,1445.0,1422.0,1431.6,46169,
2023-08-11 12:08:00,GLAPHA,1431.6,1455.1,1428.85,1441.6,92402,
2023-08-14 12:08:00,GLAPHA,1436.0,1436.0,1409.1,1415.1,70554,
2023-08-16 12:08:00,GLAPHA,1419.8,1421.7,1408.0,1416.35,21967,
2023-08-17 12:08:00,GLAPHA,1414.9,1422.25,1405.0,1408.85,17477,
2023-08-18 12:08:00,GLAPHA,1406.1,1418.05,1396.2,1410.2,47620,
2023-08-21 12:08:00,GLAPHA,1417.6,1417.6,1397.0,1404.6,39644,
2023-08-22 12:08:00,GLAPHA,1410.0,1410.0,1397.75,1401.65,13996,
2023-08-23 12:08:00,GLAPHA,1401.65,1426.65,1387.8,1421.55,162685,
2023-08-24 12:08:00,GLAPHA,1422.95,1424.0,1407.0,1411.45,59709,
2023-08-25 12:08:00,GLAPHA,1410.0,1425.0,1397.1,1420.4,46656,
2023-08-28 12:08:00,GLAPHA,1420.75,1448.0,1410.0,1412.75,90350,
2023-08-29 12:08:00,GLAPHA,1419.85,1431.7,1411.0,1413.5,27644,
2023-08-30 12:08:00,GLAPHA,1415.05,1420.9,1405.0,1414.15,24202,
2023-08-31 12:08:00,GLAPHA,1414.95,1446.25,1414.95,1429.5,166401,
2023-09-01 12:09:00,GLAPHA,1420.0,1468.0,1416.5,1438.3,114833,
2023-09-04 12:09:00,GLAPHA,1447.95,1474.0,1421.1,1426.1,88766,
2023-09-05 12:09:00,GLAPHA,1430.0,1461.25,1422.85,1457.5,78092,
2023-09-06 12:09:00,GLAPHA,1463.9,1464.75,1443.0,1446.9,32865,
2023-09-07 12:09:00,GLAPHA,1435.0,1468.0,1435.0,1444.25,104757,
2023-09-08 12:09:00,GLAPHA,1425.2,1465.65,1425.2,1461.5,79063,
2023-09-11 12:09:00,GLAPHA,1465.0,1480.85,1454.1,1460.45,79087,
2023-09-12 12:09:00,GLAPHA,1466.1,1480.55,1439.0,1461.75,59029,
2023-09-13 12:09:00,GLAPHA,1465.95,1552.0,1455.4,1544.05,335670,
2023-09-14 12:09:00,GLAPHA,1552.0,1554.0,1531.0,1538.55,96048,
2023-09-15 12:09:00,GLAPHA,1538.55,1615.05,1499.25,1600.25,306690,
2023-09-18 12:09:00,GLAPHA,1593.45,1624.0,1578.65,1592.95,138150,
2023-09-20 12:09:00,GLAPHA,1595.0,1605.05,1560.0,1568.85,46263,
2023-09-21 12:09:00,GLAPHA,1560.75,1595.8,1545.4,1555.8,92022,
2023-09-22 12:09:00,GLAPHA,1565.0,1575.45,1544.75,1560.55,143149,
2023-09-25 12:09:00,GLAPHA,1560.55,1578.9,1532.85,1539.65,49380,
2023-09-26 12:09:00,GLAPHA,1541.65,1559.0,1514.9,1524.8,71372,
2023-09-27 12:09:00,GLAPHA,1527.6,1545.0,1515.2,1525.3,42896,
2023-09-28 12:09:00,GLAPHA,1528.4,1540.0,1501.25,1512.15,27217,
2023-09-29 12:09:00,GLAPHA,1513.35,1568.1,1512.2,1548.25,71984,
2023-10-03 12:10:00,GLAPHA,1549.0,1578.0,1535.0,1570.4,160141,
2023-10-04 12:10:00,GLAPHA,1550.0,1572.15,1536.2,1560.9,233489,
2023-10-05 12:10:00,GLAPHA,1565.0,1568.75,1537.0,1540.55,26736,
2023-10-06 12:10:00,GLAPHA,1548.1,1570.8,1536.25,1555.0,50525,
2023-10-09 12:10:00,GLAPHA,1548.0,1570.0,1530.0,1539.95,48806,
2023-10-10 12:10:00,GLAPHA,1539.3,1552.0,1535.0,1547.5,51752,
2023-10-11 12:10:00,GLAPHA,1543.85,1568.4,1529.95,1533.2,30150,
2023-10-12 12:10:00,GLAPHA,1525.5,1546.9,1515.0,1521.75,27165,
2023-10-13 12:10:00,GLAPHA,1515.0,1544.15,1515.0,1527.75,38054,
2023-10-16 12:10:00,GLAPHA,1533.0,1598.2,1524.65,1537.5,116405,
2023-10-17 12:10:00,GLAPHA,1544.95,1551.95,1529.7,1533.9,79587,
2023-10-18 12:10:00,GLAPHA,1535.0,1542.0,1513.1,1517.85,37947,
2023-10-19 12:10:00,GLAPHA,1519.95,1544.0,1516.0,1537.05,119518,
2023-10-20 12:10:00,GLAPHA,1536.6,1548.05,1520.0,1525.25,98398,
2023-10-23 12:10:00,GLAPHA,1525.25,1529.55,1458.85,1463.8,54803,
2023-10-25 12:10:00,GLAPHA,1483.75,1488.95,1454.0,1462.35,103120,
2023-10-26 12:10:00,GLAPHA,1432.2,1455.0,1432.2,1440.3,63644,
2023-10-27 12:10:00,GLAPHA,1449.55,1453.9,1430.05,1434.4,81687,
2023-10-30 12:10:00,GLAPHA,1433.3,1437.65,1425.0,1429.65,26951,
2023-10-31 12:10:00,GLAPHA,1429.7,1434.8,1415.65,1423.35,30612,
2023-11-01 12:11:00,GLAPHA,1424.0,1428.25,1400.05,1406.85,42210,
2023-11-02 12:11:00,GLAPHA,1413.9,1418.55,1385.05,1390.25,45459,
2023-11-03 12:11:00,GLAPHA,1397.45,1412.7,1388.95,1405.15,220999,
2023-11-06 12:11:00,GLAPHA,1408.15,1455.55,1408.15,1431.25,200487,
2023-11-07 12:11:00,GLAPHA,1435.0,1439.6,1416.0,1421.4,27305,
2023-11-08 12:11:00,GLAPHA,1421.45,1480.6,1421.45,1445.2,345839,
2023-11-09 12:11:00,GLAPHA,1446.3,1479.95,1441.15,1449.4,47955,
2023-11-10 12:11:00,GLAPHA,1472.0,1496.95,1449.05,1471.8,282109,
2023-11-12 12:11:00,GLAPHA,1485.0,1492.6,1478.1,1481.8,18421,
2023-11-13 12:11:00,GLAPHA,1481.8,1509.95,1463.0,1471.2,64633,
2023-11-15 12:11:00,GLAPHA,1483.2,1570.0,1481.85,1552.7,308507,
2023-11-16 12:11:00,GLAPHA,1557.7,1644.9,1557.7,1587.95,520343,
2023-11-17 12:11:00,GLAPHA,1591.0,1614.75,1566.3,1576.65,167085,
2023-11-20 12:11:00,GLAPHA,1577.0,1675.0,1577.0,1647.95,586297,
2023-11-21 12:11:00,GLAPHA,1647.95,1688.0,1646.05,1660.1,217055,
2023-11-22 12:11:00,GLAPHA,1680.0,1727.0,1666.35,1694.95,366111,
2023-11-23 12:11:00,GLAPHA,1700.0,1706.25,1677.85,1684.2,146593,
2023-11-24 12:11:00,GLAPHA,1688.0,1706.0,1622.5,1644.75,158716,
2023-11-28 12:11:00,GLAPHA,1646.05,1709.9,1638.0,1644.0,194289,
2023-11-29 12:11:00,GLAPHA,1657.1,1679.75,1616.9,1633.4,175879,
2023-11-30 12:11:00,GLAPHA,1640.5,1695.5,1640.5,1657.1,215735,
2023-12-01 12:12:00,GLAPHA,1670.0,1708.0,1669.95,1678.15,215618,
2023-12-04 12:12:00,GLAPHA,1710.0,1739.75,1691.1,1695.65,197430,
2023-12-05 12:12:00,GLAPHA,1700.0,1725.55,1686.75,1691.7,169007,
2023-12-06 12:12:00,GLAPHA,1708.8,1715.0,1681.0,1686.35,140250,
2023-12-07 12:12:00,GLAPHA,1694.8,1710.0,1684.0,1688.85,161953,
2023-12-08 12:12:00,GLAPHA,1705.0,1713.95,1682.05,1690.1,110263,
2023-12-11 12:12:00,GLAPHA,1693.0,1697.95,1673.95,1679.85,58764,
2023-12-12 12:12:00,GLAPHA,1682.0,1697.0,1661.35,1676.8,72890,
2023-12-13 12:12:00,GLAPHA,1693.55,1747.0,1667.05,1732.95,244835,
2023-12-14 12:12:00,GLAPHA,1740.95,1770.0,1740.1,1746.1,256509,
2023-12-15 12:12:00,GLAPHA,1746.1,1778.95,1746.05,1773.9,211596,
2023-12-18 12:12:00,GLAPHA,1782.0,1782.0,1732.1,1742.1,96290,
2023-12-19 12:12:00,GLAPHA,1742.1,1765.0,1725.7,1744.65,120464,
2023-12-20 12:12:00,GLAPHA,1746.05,1762.8,1677.05,1687.4,101221,
2023-12-21 12:12:00,GLAPHA,1670.0,1740.9,1667.85,1733.6,190230,
2023-12-22 12:12:00,GLAPHA,1733.6,1760.0,1715.0,1754.05,96728,
2023-12-26 12:12:00,GLAPHA,1755.0,1775.1,1748.25,1766.85,154004,
2023-12-27 12:12:00,GLAPHA,1775.0,1848.0,1762.95,1809.75,464701,
2023-12-28 12:12:00,GLAPHA,1820.0,1928.8,1797.0,1849.55,765983,
2023-12-29 12:12:00,GLAPHA,1853.0,1959.0,1846.75,1898.15,619830,
2024-01-01 12:01:00,GLAPHA,1905.9,1988.85,1904.45,1951.55,599164,
2024-01-02 12:01:00,GLAPHA,1952.0,2080.05,1952.0,2049.0,1002951,
2024-01-03 12:01:00,GLAPHA,2059.85,2122.0,2042.2,2065.85,446546,
2024-01-04 12:01:00,GLAPHA,2090.0,2136.75,2079.7,2090.1,473293,
2024-01-05 12:01:00,GLAPHA,2100.0,2157.8,2095.75,2149.55,523909,
2024-01-08 12:01:00,GLAPHA,2171.0,2187.0,2087.55,2110.2,414675,
2024-01-09 12:01:00,GLAPHA,2134.0,2174.25,2071.0,2086.8,190255,
2024-01-10 12:01:00,GLAPHA,2098.0,2259.0,2088.0,2201.75,966565,
2024-01-11 12:01:00,GLAPHA,2206.4,2244.0,2179.6,2199.7,283804,
2024-01-12 12:01:00,GLAPHA,2212.0,2274.0,2204.35,2257.0,527788,
2024-01-15 12:01:00,GLAPHA,2257.0,2284.4,2220.0,2259.2,368635,
2024-01-16 12:01:00,GLAPHA,2259.9,2275.15,2240.0,2253.05,295210,
2024-01-17 12:01:00,GLAPHA,2247.0,2334.0,2240.65,2270.3,352667,
2024-01-18 12:01:00,GLAPHA,2251.05,2374.8,2243.35,2329.9,318008,
2024-01-19 12:01:00,GLAPHA,2329.95,2357.0,2278.95,2296.1,296109,
2024-01-20 12:01:00,GLAPHA,2317.95,2317.95,2261.0,2269.8,55159,
2024-01-23 12:01:00,GLAPHA,2275.0,2304.0,2209.0,2225.95,183333,
2024-01-24 12:01:00,GLAPHA,2225.5,2249.9,2156.25,2195.25,195344,
2024-01-25 12:01:00,GLAPHA,2204.0,2293.0,2145.0,2193.25,188319,
2024-01-29 12:01:00,GLAPHA,2210.15,2222.0,2161.25,2183.75,77732,
2024-01-30 12:01:00,GLAPHA,2185.0,2210.0,2159.0,2197.65,137554,
2024-01-31 12:01:00,GLAPHA,2218.75,2274.25,2210.0,2249.9,199271,
2024-02-01 12:02:00,GLAPHA,2250.0,2274.8,2202.1,2228.05,144365,
2024-02-02 12:02:00,GLAPHA,2258.9,2325.0,2235.7,2307.5,166589,
2024-02-05 12:02:00,GLAPHA,2309.8,2493.4,2282.0,2448.2,323824,
2024-02-06 12:02:00,GLAPHA,2463.0,2524.0,2431.25,2466.8,289022,
2024-02-07 12:02:00,GLAPHA,2472.75,2517.45,2407.1,2429.3,137560,
2024-02-08 12:02:00,GLAPHA,2430.0,2480.0,2410.0,2420.8,114996,
2024-02-09 12:02:00,GLAPHA,2500.0,2500.0,2345.0,2382.65,162242,
2024-02-12 12:02:00,GLAPHA,2410.0,2440.05,2301.0,2340.15,164619,
2024-02-13 12:02:00,GLAPHA,2190.05,2243.95,2091.05,2179.65,597317,
2024-02-14 12:02:00,GLAPHA,2156.55,2212.0,2138.2,2153.5,162876,
2024-02-15 12:02:00,GLAPHA,2188.0,2225.0,2130.05,2199.8,125602,
2024-02-16 12:02:00,GLAPHA,2225.0,2278.75,2205.05,2259.15,119049,
2024-02-19 12:02:00,GLAPHA,2318.25,2318.25,2245.0,2255.75,99854,
2024-02-20 12:02:00,GLAPHA,2260.0,2312.15,2245.0,2289.05,119226,
2024-02-21 12:02:00,GLAPHA,2295.0,2312.15,2209.1,2238.35,78430,
2024-02-22 12:02:00,GLAPHA,2258.0,2258.0,2151.15,2159.3,212938,
2024-02-23 12:02:00,GLAPHA,2160.0,2182.15,2149.5,2170.8,80441,
2024-02-26 12:02:00,GLAPHA,2170.85,2190.0,2154.0,2171.9,94131,
2024-02-27 12:02:00,GLAPHA,2152.3,2199.15,2152.3,2167.6,122017,
2024-02-28 12:02:00,GLAPHA,2168.35,2205.35,2138.95,2154.15,87477,
2024-02-29 12:02:00,GLAPHA,2143.05,2268.0,2117.05,2173.65,492230,
2024-03-01 12:03:00,GLAPHA,2170.0,2187.0,2132.85,2147.1,126019,
2024-03-02 12:03:00,GLAPHA,2147.1,2184.0,2144.3,2173.15,5670,
2024-03-04 12:03:00,GLAPHA,2191.0,2191.0,2130.5,2150.35,123321,
2024-03-05 12:03:00,GLAPHA,2150.35,2158.6,2103.2,2130.5,82718,
2024-03-06 12:03:00,GLAPHA,2120.05,2134.75,2051.3,2072.4,240935,
2024-03-07 12:03:00,GLAPHA,2075.0,2080.55,2026.85,2049.95,148157,
2024-03-11 12:03:00,GLAPHA,2049.95,2102.0,1991.5,2009.4,263851,
2024-03-12 12:03:00,GLAPHA,2011.95,2037.85,1976.5,2001.25,165708,
2024-03-13 12:03:00,GLAPHA,2001.0,2015.2,1898.0,1926.3,222306,
2024-03-14 12:03:00,GLAPHA,1926.95,1988.0,1913.0,1969.05,125933,
2024-03-15 12:03:00,GLAPHA,1970.9,1983.0,1900.0,1926.55,207214,
2024-03-18 12:03:00,GLAPHA,1905.6,1995.95,1905.6,1972.25,231516,
2024-03-19 12:03:00,GLAPHA,1976.0,2004.85,1932.05,1952.55,204880,
2024-03-20 12:03:00,GLAPHA,1955.65,2019.75,1955.65,1999.0,134366,
2024-03-21 12:03:00,GLAPHA,1991.2,2039.95,1975.05,1986.3,142721,
2024-03-22 12:03:00,GLAPHA,1987.0,1995.0,1939.0,1963.05,267395,
2024-03-26 12:03:00,GLAPHA,1977.0,1987.0,1912.4,1921.5,133017,
2024-03-27 12:03:00,GLAPHA,1925.0,1957.15,1871.25,1879.8,250305,
2024-03-28 12:03:00,GLAPHA,1890.45,1962.35,1890.45,1946.6,120032,
2024-04-01 12:04:00,GLAPHA,1946.6,1995.25,1927.25,1986.3,140795,
2024-04-02 12:04:00,GLAPHA,1994.6,2023.0,1965.1,1970.65,102421,
2024-04-03 12:04:00,GLAPHA,1969.0,1984.0,1952.55,1965.15,89177,
2024-04-04 12:04:00,GLAPHA,1974.1,1989.0,1931.0,1934.65,120785,
2024-04-05 12:04:00,GLAPHA,1946.6,1951.95,1917.3,1938.05,79093,
2024-04-08 12:04:00,GLAPHA,1942.0,1973.85,1923.2,1929.8,124932,
2024-04-09 12:04:00,GLAPHA,1945.0,1945.0,1903.1,1909.5,119852,
2024-04-10 12:04:00,GLAPHA,1913.25,1924.0,1891.25,1896.45,107232,
2024-04-12 12:04:00,GLAPHA,1890.05,1934.4,1872.0,1881.4,173075,
2024-04-15 12:04:00,GLAPHA,1876.1,1923.3,1842.05,1902.2,164654,
2024-04-16 12:04:00,GLAPHA,1902.75,1914.0,1877.75,1898.8,69364,
2024-04-18 12:04:00,GLAPHA,1922.95,1922.95,1872.25,1888.15,89407,
2024-04-19 12:04:00,GLAPHA,1878.15,1878.2,1854.0,1871.2,49219,
2024-04-22 12:04:00,GLAPHA,1872.0,1972.25,1872.0,1950.05,209647,
2024-04-23 12:04:00,GLAPHA,1950.0,1964.0,1930.35,1946.75,135413,
2024-04-24 12:04:00,GLAPHA,1956.5,2087.0,1954.25,2077.25,278853,
2024-04-25 12:04:00,GLAPHA,2078.0,2118.0,2041.0,2065.6,190449,
2024-04-26 12:04:00,GLAPHA,2073.9,2148.0,2053.0,2128.65,228118,
2024-04-29 12:04:00,GLAPHA,2137.0,2165.4,2099.0,2112.85,159138,
2024-04-30 12:04:00,GLAPHA,2119.1,2142.0,2080.1,2086.75,65138,
2024-05-02 12:05:00,GLAPHA,2110.25,2124.0,2078.8,2101.75,60837,
2024-05-03 12:05:00,GLAPHA,2122.0,2145.0,2078.1,2095.35,101606,
2024-05-06 12:05:00,GLAPHA,2103.75,2121.0,2061.55,2082.55,71915,
2024-05-07 12:05:00,GLAPHA,2097.75,2110.85,1993.95,2043.1,136386,
2024-05-08 12:05:00,GLAPHA,2052.0,2078.0,2010.0,2013.95,67772,
2024-05-09 12:05:00,GLAPHA,2021.0,2032.05,1966.9,1975.9,87382,
2024-05-10 12:05:00,GLAPHA,1975.95,2002.95,1965.0,1972.3,60407,
2024-05-13 12:05:00,GLAPHA,1980.15,2015.85,1967.8,1999.35,60938,
2024-05-14 12:05:00,GLAPHA,2006.25,2020.0,1984.0,1994.45,36943,
2024-05-15 12:05:00,GLAPHA,1999.35,2029.25,1975.0,1989.15,84411,
2024-05-16 12:05:00,GLAPHA,1999.0,2045.0,1980.1,2022.5,110541,
2024-05-17 12:05:00,GLAPHA,2036.0,2343.25,2024.2,2287.0,1198663,
2024-05-18 12:05:00,GLAPHA,2385.0,2401.35,2342.0,2359.55,126099,
2024-05-21 12:05:00,GLAPHA,2358.9,2405.0,2305.0,2344.3,229306,
2024-05-22 12:05:00,GLAPHA,2357.95,2390.0,2296.1,2370.85,323420,
2024-05-23 12:05:00,GLAPHA,2381.2,2510.0,2361.5,2473.55,436772,
2024-05-24 12:05:00,GLAPHA,2460.0,2534.0,2416.1,2430.85,299355,
2024-05-27 12:05:00,GLAPHA,2439.7,2449.9,2355.0,2361.0,140945,
2024-05-28 12:05:00,GLAPHA,2373.9,2499.4,2371.95,2480.5,490373,
2024-05-29 12:05:00,GLAPHA,2472.0,2567.0,2450.1,2533.95,435700,
2024-05-30 12:05:00,GLAPHA,2515.1,2605.0,2501.05,2594.3,324309,
2024-05-31 12:05:00,GLAPHA,2562.0,2650.0,2510.05,2619.3,395141,
2024-06-03 12:06:00,GLAPHA,2625.0,2625.0,2476.0,2494.7,246756,
2024-06-04 12:06:00,GLAPHA,2498.0,2516.45,2235.0,2349.55,251775,
2024-06-05 12:06:00,GLAPHA,2395.0,2525.0,2368.15,2472.85,190210,
2024-06-06 12:06:00,GLAPHA,2470.0,2535.75,2453.0,2464.9,167203,
2024-06-07 12:06:00,GLAPHA,2470.0,2549.0,2465.1,2507.5,189874,
2024-06-10 12:06:00,GLAPHA,2534.9,2613.65,2475.0,2601.15,202309,
2024-06-11 12:06:00,GLAPHA,2601.15,2660.5,2585.7,2655.75,277457,
2024-06-12 12:06:00,GLAPHA,2659.6,2675.0,2592.4,2625.65,134721,
2024-06-13 12:06:00,GLAPHA,2633.55,2709.25,2630.0,2700.7,181775,
2024-06-14 12:06:00,GLAPHA,2718.0,2760.0,2639.95,2654.85,123918,
2024-06-18 12:06:00,GLAPHA,2696.05,2723.85,2625.0,2643.0,88404,
2024-06-19 12:06:00,GLAPHA,2643.0,2660.0,2556.0,2563.55,73982,
2024-06-20 12:06:00,GLAPHA,2576.4,2587.95,2521.95,2529.85,66181,
2024-06-21 12:06:00,GLAPHA,2540.05,2599.35,2524.1,2537.6,137582,
2024-06-24 12:06:00,GLAPHA,2499.55,2710.0,2499.55,2638.3,446178,
2024-06-25 12:06:00,GLAPHA,2638.3,2683.15,2622.2,2641.6,87530,
2024-06-26 12:06:00,GLAPHA,2641.5,2675.0,2592.0,2601.2,54739,
2024-06-27 12:06:00,GLAPHA,2605.1,2691.0,2593.9,2677.55,133590,
2024-06-28 12:06:00,GLAPHA,2680.0,2700.0,2641.2,2651.0,81346,
2024-07-01 12:07:00,GLAPHA,2651.0,2674.35,2594.0,2605.2,78033,
2024-07-02 12:07:00,GLAPHA,2625.0,2698.95,2602.1,2618.75,105607,
2024-07-03 12:07:00,GLAPHA,2620.1,2674.0,2598.05,2603.7,85649,
2024-07-04 12:07:00,GLAPHA,2617.0,2660.0,2567.65,2588.25,122152,
2024-07-05 12:07:00,GLAPHA,2596.0,2609.0,2534.05,2538.8,113959,
2024-07-08 12:07:00,GLAPHA,2538.8,2559.9,2502.8,2523.7,58773,
2024-07-09 12:07:00,GLAPHA,2526.4,2598.0,2526.4,2556.6,108219,
2024-07-10 12:07:00,GLAPHA,2560.0,2614.45,2501.0,2517.3,102794,
2024-07-11 12:07:00,GLAPHA,2543.0,2610.0,2505.0,2549.6,137972,
2024-07-12 12:07:00,GLAPHA,2545.0,2619.9,2540.6,2570.7,119202,
2024-07-15 12:07:00,GLAPHA,2580.0,2588.0,2541.7,2552.55,39918,
2024-07-16 12:07:00,GLAPHA,2543.0,2690.0,2543.0,2619.75,177738,
2024-07-18 12:07:00,GLAPHA,2620.95,2650.95,2525.0,2563.65,128328,
2024-07-19 12:07:00,GLAPHA,2553.1,2587.0,2541.0,2573.15,79070,
2024-07-22 12:07:00,GLAPHA,2551.0,2655.0,2551.0,2621.1,192853,
2024-07-23 12:07:00,GLAPHA,2621.1,2825.0,2610.1,2689.65,1257778,
2024-07-24 12:07:00,GLAPHA,2716.0,2755.0,2684.05,2695.05,123725,
2024-07-25 12:07:00,GLAPHA,2717.8,2747.8,2660.05,2677.85,114251,
2024-07-26 12:07:00,GLAPHA,2705.0,2740.0,2692.0,2707.3,76491,
2024-07-29 12:07:00,GLAPHA,2734.9,2796.75,2712.0,2738.1,121426,
2024-07-30 12:07:00,GLAPHA,2744.95,2773.6,2688.0,2695.8,90451,
2024-07-31 12:07:00,GLAPHA,2710.5,2787.0,2697.05,2730.6,122541,
2024-08-01 12:08:00,GLAPHA,2740.0,2765.0,2702.1,2758.25,138659,
2024-08-02 12:08:00,GLAPHA,2739.95,2860.0,2720.1,2820.25,255497,
2024-08-05 12:08:00,GLAPHA,2760.0,2836.4,2728.0,2763.95,176964,
2024-08-06 12:08:00,GLAPHA,2769.75,2879.9,2769.75,2789.65,176490,
2024-08-07 12:08:00,GLAPHA,2811.3,2895.0,2808.8,2820.4,156591,
2024-08-08 12:08:00,GLAPHA,2834.65,2940.0,2834.65,2873.65,178410,
2024-08-09 12:08:00,GLAPHA,2886.45,2929.0,2867.75,2875.05,73464,
2024-08-12 12:08:00,GLAPHA,2889.0,2944.9,2875.05,2890.25,105340,
2024-08-13 12:08:00,GLAPHA,2900.0,2932.5,2816.15,2826.05,90516,
2024-08-14 12:08:00,GLAPHA,2848.0,2869.4,2812.95,2821.95,129718,
2024-08-16 12:08:00,GLAPHA,2830.0,2966.95,2829.05,2905.85,139605,
2024-08-19 12:08:00,GLAPHA,2969.95,2969.95,2906.0,2931.35,79417,
2024-08-20 12:08:00,GLAPHA,2934.0,2937.7,2857.8,2892.25,173393,
2024-08-21 12:08:00,GLAPHA,2899.25,3088.0,2888.95,3061.45,376793,
2024-08-22 12:08:00,GLAPHA,3048.4,3069.45,2910.45,2914.85,221114,
2024-08-23 12:08:00,GLAPHA,2918.0,2959.0,2896.0,2944.0,144154,
2024-08-26 12:08:00,GLAPHA,2959.0,3028.9,2897.05,2907.05,128448,
2024-08-27 12:08:00,GLAPHA,2922.85,2926.15,2868.0,2874.05,95840,
2024-08-28 12:08:00,GLAPHA,2893.7,2895.05,2790.0,2805.5,131329,
2024-08-29 12:08:00,GLAPHA,2815.0,2825.0,2759.0,2766.7,98803,
2024-08-30 12:08:00,GLAPHA,2786.0,2805.0,2737.6,2745.1,78631,
2024-09-02 12:09:00,GLAPHA,2751.85,2792.0,2716.2,2781.65,86127,
2024-09-03 12:09:00,GLAPHA,2792.9,2849.3,2781.65,2832.15,121442,
2024-09-04 12:09:00,GLAPHA,2833.05,2879.85,2833.05,2848.95,92537,
2024-09-05 12:09:00,GLAPHA,2848.95,2876.5,2799.75,2813.95,76368,
2024-09-06 12:09:00,GLAPHA,2815.0,2850.1,2772.0,2831.6,70303,
2024-09-09 12:09:00,GLAPHA,2832.65,2870.0,2771.05,2853.25,54372,
2024-09-10 12:09:00,GLAPHA,2878.0,2891.7,2801.6,2818.95,58245,
2024-09-11 12:09:00,GLAPHA,2816.1,2912.0,2815.55,2859.35,110871,
2024-09-12 12:09:00,GLAPHA,2861.9,2889.9,2830.8,2861.75,62672,
2024-09-13 12:09:00,GLAPHA,2860.0,2908.0,2849.45,2905.1,51576,
2024-09-16 12:09:00,GLAPHA,2921.0,2922.8,2815.0,2828.9,50411,
2024-09-17 12:09:00,GLAPHA,2845.0,2845.0,2741.1,2798.9,67698,
2024-09-18 12:09:00,GLAPHA,2788.05,2847.2,2778.15,2791.3,69877,
2024-09-19 12:09:00,GLAPHA,2791.3,2799.95,2676.25,2698.35,76782,
2024-09-20 12:09:00,GLAPHA,2700.9,2754.0,2700.0,2716.6,61928,
2024-09-23 12:09:00,GLAPHA,2721.0,2735.95,2682.15,2726.0,48436,
2024-09-24 12:09:00,GLAPHA,2726.0,2730.0,2686.9,2716.65,38640,
2024-09-25 12:09:00,GLAPHA,2727.9,2735.0,2695.2,2725.9,35874,
2024-09-26 12:09:00,GLAPHA,2725.9,2765.65,2711.25,2727.25,102778,
2024-09-27 12:09:00,GLAPHA,2727.0,2756.15,2689.55,2697.5,48018,
2024-09-30 12:09:00,GLAPHA,2700.05,2782.25,2700.05,2750.55,113823,
2024-10-01 12:10:00,GLAPHA,2751.0,2763.0,2712.05,2735.35,42937,
2024-10-03 12:10:00,GLAPHA,2713.0,2751.0,2695.0,2736.2,44283,
2024-10-04 12:10:00,GLAPHA,2736.2,2769.0,2704.45,2751.35,39039,
2024-10-07 12:10:00,GLAPHA,2751.5,2814.5,2586.05,2613.25,119958,
2024-10-08 12:10:00,GLAPHA,2639.0,2735.0,2615.0,2704.7,64385,
2024-10-09 12:10:00,GLAPHA,2705.15,2884.0,2705.15,2813.65,125198,
2024-10-10 12:10:00,GLAPHA,2845.1,2889.9,2755.7,2761.15,60793,
2024-10-11 12:10:00,GLAPHA,2764.55,2835.3,2742.1,2783.45,60661,
2024-10-14 12:10:00,GLAPHA,2788.85,2812.1,2711.0,2719.3,97320,
2024-10-15 12:10:00,GLAPHA,2719.8,2757.5,2681.1,2703.0,130241,
2024-10-16 12:10:00,GLAPHA,2715.0,2757.15,2643.05,2672.35,107002,
2024-10-17 12:10:00,GLAPHA,2700.0,2757.0,2642.3,2651.15,104785,
2024-10-18 12:10:00,GLAPHA,2659.0,2690.45,2615.25,2659.3,128125,
2024-10-21 12:10:00,GLAPHA,2679.0,2725.25,2630.1,2643.7,100002,
2024-10-22 12:10:00,GLAPHA,2648.9,2679.2,2570.0,2578.75,118348,
2024-10-23 12:10:00,GLAPHA,2578.05,2662.5,2562.15,2630.5,66957,
2024-10-24 12:10:00,GLAPHA,2635.35,2690.0,2602.65,2618.05,69620,
2024-10-25 12:10:00,GLAPHA,2638.1,2709.6,2500.0,2588.6,132162,
2024-10-28 12:10:00,GLAPHA,2588.6,2669.0,2536.7,2644.65,101172,
2024-10-29 12:10:00,GLAPHA,2642.0,2676.55,2620.0,2629.65,77807,
2024-10-30 12:10:00,GLAPHA,2676.0,2739.0,2599.6,2674.25,161911,
2024-10-31 12:10:00,GLAPHA,2670.0,2763.0,2670.0,2712.25,124449,
2024-11-01 12:11:00,GLAPHA,2729.0,2742.95,2721.1,2733.1,6923,
2024-11-04 12:11:00,GLAPHA,2733.1,2733.1,2601.1,2624.9,143629,
2024-11-05 12:11:00,GLAPHA,2637.0,2658.95,2590.0,2594.35,148156,
2024-11-06 12:11:00,GLAPHA,2601.55,2648.25,2594.0,2629.6,87403,
2024-11-07 12:11:00,GLAPHA,2625.85,2644.0,2585.1,2611.5,55699,
2024-11-08 12:11:00,GLAPHA,2620.0,2620.0,2550.5,2561.15,54485,
2024-11-11 12:11:00,GLAPHA,2575.25,2575.25,2508.65,2539.3,54330,
2024-11-12 12:11:00,GLAPHA,2545.0,2589.9,2520.4,2547.35,59505,
2024-11-13 12:11:00,GLAPHA,2540.0,2540.1,2439.1,2452.7,65586,
2024-11-14 12:11:00,GLAPHA,2455.0,2491.0,2425.15,2457.15,78327,
2024-11-18 12:11:00,GLAPHA,2465.45,2485.5,2406.45,2411.65,42354,
2024-11-19 12:11:00,GLAPHA,2415.0,2478.45,2414.05,2438.0,69393,
2024-11-21 12:11:00,GLAPHA,2438.0,2449.6,2361.1,2369.65,76664,
2024-11-22 12:11:00,GLAPHA,2389.0,2439.9,2350.0,2411.8,288891,
2024-11-25 12:11:00,GLAPHA,2454.9,2486.85,2330.0,2341.65,112152,
2024-11-26 12:11:00,GLAPHA,2351.1,2424.9,2307.0,2393.65,237622,
2024-11-27 12:11:00,GLAPHA,2393.65,2413.4,2361.6,2385.45,67862,
2024-11-28 12:11:00,GLAPHA,2385.45,2435.4,2378.65,2413.6,78199,
2024-11-29 12:11:00,GLAPHA,2413.6,2454.35,2396.0,2444.4,74377,
2024-12-02 12:12:00,GLAPHA,2436.0,2452.1,2390.0,2406.7,98357,
2024-12-03 12:12:00,GLAPHA,2410.0,2457.75,2401.55,2422.15,124654,
2024-12-04 12:12:00,GLAPHA,2425.0,2434.65,2380.0,2401.8,143220,
2024-12-05 12:12:00,GLAPHA,2402.1,2407.8,2361.0,2381.2,62744,
2024-12-06 12:12:00,GLAPHA,2382.1,2399.0,2333.0,2343.15,74344,
2024-12-09 12:12:00,GLAPHA,2343.15,2363.75,2322.05,2327.55,60787,
2024-12-10 12:12:00,GLAPHA,2336.35,2346.6,2320.55,2328.55,52943,
2024-12-11 12:12:00,GLAPHA,2332.0,2379.9,2325.0,2346.8,79255,
2024-12-12 12:12:00,GLAPHA,2355.0,2356.3,2297.0,2304.1,72480,
2024-12-13 12:12:00,GLAPHA,2313.05,2313.05,2250.3,2254.0,69253,
2024-12-16 12:12:00,GLAPHA,2255.55,2283.95,2229.0,2278.6,79430,
2024-12-17 12:12:00,GLAPHA,2278.6,2298.65,2253.4,2264.95,74215,
2024-12-18 12:12:00,GLAPHA,2285.0,2339.5,2270.1,2332.55,100691,
2024-12-19 12:12:00,GLAPHA,2315.0,2337.0,2286.25,2326.3,79063,
2024-12-20 12:12:00,GLAPHA,2325.0,2326.3,2264.0,2275.95,85491,
2024-12-23 12:12:00,GLAPHA,2275.95,2292.65,2225.0,2282.75,42130,
2024-12-24 12:12:00,GLAPHA,2266.0,2287.95,2243.0,2264.6,45373,
2024-12-26 12:12:00,GLAPHA,2264.6,2274.95,2213.4,2243.2,23712,
2024-12-27 12:12:00,GLAPHA,2243.2,2284.2,2241.0,2274.45,40292,
2024-12-30 12:12:00,GLAPHA,2274.45,2280.15,2162.75,2187.75,220260,
2024-12-31 12:12:00,GLAPHA,2190.1,2265.45,2158.4,2251.85,124472,
2025-01-01 12:01:00,GLAPHA,2235.0,2272.0,2222.05,2232.1,23429,
2025-01-02 12:01:00,GLAPHA,2250.0,2258.1,2208.0,2219.75,40952,
2025-01-03 12:01:00,GLAPHA,2221.95,2249.95,2215.4,2241.05,53477,
2025-01-06 12:01:00,GLAPHA,2236.0,2248.95,2179.95,2201.1,72497,
2025-01-07 12:01:00,GLAPHA,2232.0,2239.9,2188.8,2231.1,96662,
2025-01-08 12:01:00,GLAPHA,2231.1,2241.55,2185.1,2208.0,54801,
2025-01-09 12:01:00,GLAPHA,2201.0,2231.0,2201.0,2208.35,34234,
2025-01-10 12:01:00,GLAPHA,2208.35,2213.9,2141.35,2190.4,89191,
2025-01-13 12:01:00,GLAPHA,2143.0,2165.8,2078.95,2093.35,83019,
2025-01-14 12:01:00,GLAPHA,2100.05,2118.0,2051.0,2072.05,66252,
2025-01-15 12:01:00,GLAPHA,2086.0,2116.4,1987.0,2042.5,113576,
2025-01-16 12:01:00,GLAPHA,2052.0,2069.2,2013.3,2053.05,60312,
2025-01-17 12:01:00,GLAPHA,2050.0,2069.7,2013.85,2063.3,102985,
2025-01-20 12:01:00,GLAPHA,2065.0,2149.5,2048.0,2135.5,111858,
2025-01-21 12:01:00,GLAPHA,2128.3,2202.0,2110.1,2146.0,167412,
2025-01-22 12:01:00,GLAPHA,2151.35,2164.85,2089.4,2107.85,252676,
2025-01-23 12:01:00,GLAPHA,2105.0,2141.45,2080.0,2087.6,241306,
2025-01-24 12:01:00,GLAPHA,2104.5,2113.3,2039.05,2099.55,141936,
2025-01-27 12:01:00,GLAPHA,2094.15,2094.15,2031.5,2062.3,215485,
2025-01-28 12:01:00,GLAPHA,2064.85,2077.45,1981.1,2023.15,102336,
2025-01-29 12:01:00,GLAPHA,2028.2,2028.2,1969.95,1983.95,226380,
2025-01-30 12:01:00,GLAPHA,2003.75,2009.95,1975.0,1980.05,219216,
2025-01-31 12:01:00,GLAPHA,1994.75,2013.7,1961.55,1977.15,265243,
2025-02-01 12:02:00,GLAPHA,1980.3,1995.95,1940.5,1956.2,92788,
2025-02-03 12:02:00,GLAPHA,1955.95,1994.85,1921.0,1981.45,109517,
2025-02-04 12:02:00,GLAPHA,1981.45,2007.0,1950.6,1960.4,137504,
2025-02-05 12:02:00,GLAPHA,1969.0,2016.85,1960.0,1999.35,1086628,
2025-02-06 12:02:00,GLAPHA,2000.0,2364.0,1992.0,2260.65,2465345,
2025-02-07 12:02:00,GLAPHA,2202.0,2249.7,2175.15,2208.15,461990,
2025-02-10 12:02:00,GLAPHA,2182.1,2206.4,2133.0,2141.4,87373,
2025-02-11 12:02:00,GLAPHA,2142.85,2149.9,2035.55,2058.2,94944,
2025-02-12 12:02:00,GLAPHA,2056.9,2074.95,2003.6,2030.55,120966,
2025-02-13 12:02:00,GLAPHA,2030.0,2059.45,1981.0,1998.8,102542,
2025-02-14 12:02:00,GLAPHA,2000.0,2048.3,1968.0,2018.0,134842,
2025-02-17 12:02:00,GLAPHA,2199.95,2421.6,2086.5,2340.25,3108044,
2025-02-18 12:02:00,GLAPHA,2334.05,2744.95,2300.0,2536.85,4767565,
2025-02-19 12:02:00,GLAPHA,2485.0,2560.0,2440.3,2507.25,998313,
2025-02-20 12:02:00,GLAPHA,2501.0,2584.3,2461.0,2569.1,592260,
2025-02-21 12:02:00,GLAPHA,2579.0,2590.0,2490.0,2508.7,206809,
2025-02-24 12:02:00,GLAPHA,2446.0,2673.0,2446.0,2638.15,1265790,
2025-02-25 12:02:00,GLAPHA,2606.0,2613.0,2540.0,2562.0,161274,
2025-02-27 12:02:00,GLAPHA,2562.0,2644.95,2550.0,2620.9,261659,
2025-02-28 12:02:00,GLAPHA,2580.0,2585.1,2455.05,2475.35,173151,
2025-03-03 12:03:00,GLAPHA,2485.0,2540.95,2390.05,2520.1,125530,
2025-03-04 12:03:00,GLAPHA,2501.0,2675.0,2482.15,2647.55,287521,
2025-03-05 12:03:00,GLAPHA,2660.75,2777.0,2631.0,2693.3,432828,
2025-03-06 12:03:00,GLAPHA,2689.05,2745.9,2675.2,2690.2,219351,
2025-03-07 12:03:00,GLAPHA,2690.2,2780.0,2690.2,2751.6,202498,
2025-03-10 12:03:00,GLAPHA,2748.0,2798.2,2650.1,2660.8,142096,
2025-03-11 12:03:00,GLAPHA,2660.0,2675.0,2605.45,2656.45,146136,
2025-03-12 12:03:00,GLAPHA,2674.45,2744.45,2654.75,2683.1,228177,
2025-03-13 12:03:00,GLAPHA,2690.0,2695.1,2640.05,2657.8,62016,
2025-03-17 12:03:00,GLAPHA,2657.8,2730.0,2650.0,2693.45,100554,
2025-03-18 12:03:00,GLAPHA,2693.45,2810.95,2677.2,2795.15,161525,
2025-03-19 12:03:00,GLAPHA,2799.95,2845.0,2767.8,2838.3,127582,
2025-03-20 12:03:00,GLAPHA,2850.0,2921.2,2832.05,2860.5,143779,
2025-03-21 12:03:00,GLAPHA,2861.0,2968.9,2839.35,2935.65,178487,
2025-03-24 12:03:00,GLAPHA,2959.0,2988.0,2860.8,2882.95,66538,
2025-03-25 12:03:00,GLAPHA,2877.0,2888.9,2790.0,2834.3,115045,
2025-03-26 12:03:00,GLAPHA,2834.3,2909.6,2790.0,2818.45,114784,
2025-03-27 12:03:00,GLAPHA,2819.25,2850.85,2772.9,2836.9,77284,
2025-03-28 12:03:00,GLAPHA,2836.9,2899.95,2809.4,2880.35,108168,
2025-04-01 12:04:00,GLAPHA,2872.0,2878.0,2777.0,2797.35,79332,
